1985174 1000
6008 6016
4509 4488
4500 4491
9 9
3008 3004
4512 4497
2392 2400
2247 2250
3500 3507
10465 10507
3750 3745
4488 4491
1502 1496
374 375
12008 11960
2990 3000
8976 9018
4503 4509
3 3
2998 2992
2618 2625
7510 7495
13455 13464
5984 6008
8 8
5992 6004
9006 9012
2093 2100
11960 11968
10472 10507
9 9
5236 5257
1498 1502
15000 15010
7480 7485
5257 5243
2 2
6008 6012
13455 13527
751 748
1 1
2253 2256
4509 4506
2000 2004
8970 9018
2250 2247
4488 4503
1497 1499
10507 10521
10479 10514
3 3
4485 4512
4 4
3 3
1504 1502
1495 1497
8970 9012
3493 3507
15010 15040
7515 7505
2256 2250
11968 11976
2 2
13509 13455
13491 13536
12016 12008
7480 7475
4506 4491
1496 1502
6 6
4503 4488
6000 6004
14950 15040
7 7
10521 10493
7495 7520
4491 4500
1496 1501
11968 11960
12008 12016
3008 3000
2996 2994
7500 7490
4497 4506
5988 6008
5980 6012
897 900
1501 1495
3004 2998
6012 6008
7515 7495
13518 13455
5984 6012
12008 11984
10521 10493
2994 3008
8970 9006
2996 3004
748 752
13509 13482
13527 13509
11984 12024
2998 3008
14950 14960
7490 7475
14950 14980
10493 10514
5 5
15030 14990
5984 6012
1496 1498
13455 13464
3740 3745
6012 5996
1 1
6008 5992
10486 10465
8994 9024
14960 14990
14970 15010
6759 6741
5988 5984
9 9
6016 5980
5996 5988
1880 1875
9018 9024
13527 13464
14990 15040
1501 1496
13509 13482
7510 7520
13509 13464
1870 1880
7510 7490
4509 4497
1501 1495
9018 9024
13455 13536
3008 3002
13473 13455
1499 1495
1496 1497
7490 7505
2996 3008
1 1
6000 6004
2 2
12016 11976
4491 4506
1502 1495
10472 10493
11976 11968
500 499
14960 15010
374 375
4506 4500
10514 10465
1504 1495
10507 10486
11960 12008
4491 4500
10493 10486
12024 11992
15020 14950
2992 3000
2996 2998
748 750
3 3
14950 15040
5996 5984
4497 4494
15030 14960
5996 6008
13464 13473
7485 7490
1794 1800
1002 1000
8970 9018
5984 5980
6016 5988
4500 4491
2 2
1504 1501
13509 13536
4506 4491
5980 5984
6 6
2 2
6 6
4503 4485
187 188
7510 7485
1501 1495
11960 12016
8970 8976
5984 6008
3375 3384
8 8
3006 2996
11992 12000
751 750
4506 4500
7500 7490
2256 2250
5984 6004
6004 5992
2253 2250
3750 3745
1500 1502
8970 9012
1504 1496
2 2
13473 13464
15040 14950
15010 14990
6004 5996
1870 1875
9024 9018
7515 7520
1499 1497
15020 14970
7500 7495
10514 10479
1502 1498
748 752
2 2
13455 13518
6008 5996
1495 1501
1500 1502
1497 1498
749 750
3507 3493
2998 3006
11984 11960
14950 14970
11976 12016
1501 1504
1496 1500
13491 13482
12008 12016
4494 4503
14990 14950
13482 13509
6016 6012
750 749
2996 3006
6768 6741
2992 3000
11968 12008
1500 1499
5264 5257
2992 3004
3507 3500
10 10
10521 10528
11960 11984
12024 12008
15010 14980
13491 13500
13464 13455
3006 3002
1503 1502
1316 1309
5988 5980
1503 1504
9006 9024
1501 1503
1501 1502
375 374
1497 1498
14980 14990
7505 7480
2 2
11992 12008
6768 6759
3002 3006
750 751
13518 13491
5010 4990
12008 12024
748 749
12016 11960
1498 1499
10514 10521
7510 7520
10472 10465
4494 4512
5243 5257
11976 12032
4494 4488
12008 11976
7480 7490
7 7
4506 4512
7480 7495
13527 13491
1504 1502
10493 10479
9 9
5988 5984
10493 10486
1870 1880
13491 13500
15010 15030
11992 11960
13473 13482
1497 1498
12008 11968
9 9
998 1000
8 8
13473 13464
3006 3002
5992 5984
3493 3500
1497 1501
10465 10507
3002 2998
13464 13473
6 6
11992 12016
8 8
7475 7510
2244 2250
5992 5996
1497 1498
4 4
7 7
6741 6768
2004 2000
15010 14970
10486 10521
7515 7520
14990 15040
8994 9024
3004 2990
15010 15020
6768 6759
2998 2990
14990 15020
2 2
1497 1498
14980 15010
4506 4509
8 8
4500 4494
7475 7515
8976 9018
14950 15030
8970 9006
2 2
13509 13491
4497 4506
5992 6016
5980 6008
9018 9006
375 374
13464 13455
2 2
13527 13518
6012 5992
1996 2004
8982 9006
12032 11992
7495 7520
1495 1496
2 2
7510 7495
13509 13455
2500 2505
9012 8994
4503 4500
2500 2505
9000 9006
7520 7495
2996 3004
4512 4509
3002 2996
2998 3004
3004 2990
10521 10514
7490 7505
15010 14960
13455 13491
2992 3006
7495 7480
10479 10465
3002 3008
7475 7480
3750 3760
2253 2244
7510 7520
1880 1875
3992 4000
11992 11960
5000 4990
15040 14950
1495 1502
8976 8970
1 1
10521 10514
1499 1497
4485 4491
1496 1495
5992 6016
13455 13482
8970 9024
1497 1504
10 10
10507 10465
6012 5992
11992 12024
1498 1499
4506 4500
10507 10472
7475 7510
2990 3002
7520 7485
12024 11984
7 7
1996 2000
5010 4990
9006 8970
13482 13473
1692 1683
7495 7510
14990 15030
9 9
10493 10500
7495 7475
13527 13491
4506 4485
10465 10514
4494 4485
4491 4503
7 7
1498 1497
1503 1504
6750 6741
4494 4503
13491 13536
2996 3006
7510 7480
1502 1496
4509 4491
8988 9018
9018 8976
1503 1496
2990 2996
7480 7485
5236 5257
9018 8994
3493 3507
1500 1504
8976 9018
3750 3755
1504 1503
10514 10521
7480 7505
7 7
501 500
561 564
15010 14970
13455 13509
1875 1870
5980 6008
10472 10521
8 8
9006 8976
7485 7520
10 10
7515 7480
6759 6750
1692 1683
6 6
10493 10479
7 7
4488 4491
10521 10486
2392 2400
10507 10465
7495 7510
5 5
4491 4503
13536 13509
15020 14950
10 10
3366 3375
8982 8976
6004 6000
10493 10479
12032 11960
13527 13455
8994 9018
13482 13491
7495 7475
2998 3006
7520 7495
1002 998
10479 10528
15030 15040
1495 1499
1501 1498
12032 12024
3002 3004
2400 2392
1504 1500
8 8
15020 14990
4485 4494
7475 7505
13500 13509
10514 10493
2990 3000
4503 4497
5250 5257
749 751
1498 1496
7 7
9 9
4488 4506
5984 5988
8982 8994
8994 9024
299 300
8982 8976
1870 1880
3004 3006
1499 1495
3002 2994
13491 13482
3008 2990
5980 5996
1496 1499
1503 1498
1875 1880
13473 13518
8982 8994
5992 6004
7500 7490
11984 11960
13491 13500
12032 11992
5 5
15010 14960
1503 1497
4497 4512
2998 3002
5996 6004
14960 14970
14960 15010
1499 1500
1500 1503
12032 12024
8994 9006
4491 4485
5 5
3000 3006
7495 7485
2100 2093
13491 13482
7490 7515
6000 6008
1502 1496
2500 2505
4000 4008
13509 13536
7490 7485
9012 8994
2990 2998
7490 7485
4497 4488
1498 1496
1496 1502
6741 6759
4509 4506
5988 5992
3006 3004
2495 2500
10 10
1500 1501
9018 8976
3000 2998
3745 3750
7475 7495
7520 7490
3507 3500
3750 3740
7 7
561 564
2250 2256
7520 7515
10493 10528
9012 9006
11992 11960
6012 5984
7505 7510
11976 11984
11984 12024
15030 14980
14970 15020
3004 2994
7485 7495
4503 4485
8970 9012
4485 4509
9018 8976
501 499
8970 9012
2990 3002
1502 1504
4506 4494
13527 13464
3004 2996
7520 7510
6004 5992
2253 2250
13509 13464
7520 7485
1 1
1496 1499
2990 3008
1500 1495
7490 7500
6759 6750
2996 3000
4503 4485
6012 6004
1496 1502
7520 7490
2500 2505
4503 4491
5992 5988
6741 6750
10507 10514
6759 6768
374 376
3006 3002
6768 6741
13482 13509
7520 7505
749 750
3507 3493
4 4
4488 4494
4000 4008
9 9
11960 12016
6 6
7485 7495
5992 6016
13491 13500
11960 11992
2996 2992
12024 12032
5257 5264
6759 6741
2 2
1000 1002
2990 3006
4497 4506
4506 4500
5980 6016
2994 3006
7500 7505
749 748
1500 1504
12024 12016
3000 2996
2505 2500
2994 3006
13491 13455
3740 3745
2 2
5992 6012
3002 3004
7510 7500
2996 3004
750 751
10507 10479
14990 15040
3750 3740
7475 7490
5264 5257
2253 2256
2996 2992
3755 3760
4488 4509
7485 7480
6 6
1870 1875
4000 4008
2990 3006
15010 15020
1503 1497
8982 8994
7490 7510
9 9
7490 7505
6 6
4509 4506
7490 7500
4512 4506
13509 13482
3006 2998
1496 1497
7480 7510
4485 4497
2000 2004
3740 3750
2691 2700
1128 1125
6741 6759
1996 2004
1 1
897 900
10493 10486
4488 4494
7475 7520
752 748
300 299
749 751
751 750
748 750
1 1
7475 7505
13455 13473
998 1000
4488 4497
1500 1503
2618 2625
7495 7515
4485 4506
4 4
4503 4491
8994 8988
2996 3008
4 4
14990 14960
3500 3507
3 3
2400 2392
1495 1504
2250 2247
1500 1497
374 376
5257 5250
2 2
10493 10479
2 2
2500 2505
10507 10465
3004 3002
10465 10493
1495 1503
5996 6012
1501 1496
13455 13527
8982 9012
8976 9018
6016 5996
3008 3002
4990 5010
12000 12008
8970 9018
3760 3755
2505 2500
13518 13509
14980 14950
5988 5992
11960 12008
7490 7505
1495 1498
12008 11976
10465 10528
8970 9024
375 374
4 4
2632 2625
10493 10479
7 7
2256 2247
8982 9024
3760 3750
6768 6741
1496 1504
5980 6004
1502 1497
3992 4000
13491 13473
9006 9012
1499 1496
3006 2996
12032 12024
4008 4000
10465 10486
5980 5984
3004 2998
11960 12024
564 561
5 5
10465 10493
7 7
12008 11984
8994 8970
6008 5980
564 561
3493 3507
6759 6741
1503 1502
7515 7475
10472 10465
4488 4485
2 2
3006 3000
500 499
13455 13509
1503 1496
4506 4497
7 7
6759 6732
13491 13509
4500 4509
1501 1497
8976 8994
1692 1683
13509 13473
13482 13527
2994 3004
11992 11984
375 376
9 9
6008 6004
5010 5000
6 6
10 10
5 5
15030 14950
8 8
4497 4506
14960 14990
1496 1502
1503 1499
1502 1496
5996 5984
9006 8976
2992 2996
4 4
10528 10521
3000 2994
2990 3002
5243 5257
8982 8976
1 1
4509 4491
2253 2256
9 9
12008 12016
1500 1501
14950 15040
10514 10507
5988 5980
11968 11960
748 749
7515 7505
7510 7475
600 598
9 9
8994 9012
13518 13473
4491 4497
7490 7485
750 748
4512 4485
6008 5984
3740 3755
7520 7490
2253 2244
1498 1503
8994 8988
6759 6732
1000 998
7490 7495
4488 4506
1996 2004
4488 4503
9 9
6012 6016
2 2
376 375
5984 5988
13473 13464
3000 2994
4491 4485
1495 1503
7490 7520
14960 15030
2992 2998
11984 11976
7495 7510
2994 3004
7490 7510
2998 2992
4503 4491
2992 3006
752 749
14950 14990
2 2
6004 6012
15010 15030
4509 4491
6012 6016
4485 4512
5 5
13491 13536
10493 10507
10 10
2625 2618
14960 14970
1498 1497
11976 11992
7510 7485
1503 1498
7475 7495
7490 7520
749 748
3740 3745
13455 13482
5988 6004
2992 3006
3755 3750
10514 10507
5992 5988
12016 12008
15010 14970
7 7
13518 13527
6741 6759
7490 7500
2994 3004
14990 15020
1495 1502
10465 10486
2992 2998
7480 7495
2500 2505
12032 11976
6000 5996
6004 5996
2990 3000
1316 1309
4500 4503
5984 5980
10486 10507
10521 10514
4500 4497
10 10
1497 1501
1122 1125
7490 7485
7520 7515
14970 14950
2994 3008
2400 2392
10493 10514
2253 2247
8970 8988
3740 3745
1500 1501
8970 8988
12008 12000
5010 4990
8988 8982
8976 8994
4506 4497
3002 3006
1499 1496
1 1
1794 1800
9018 9006
15000 15010
752 750
14960 14970
7520 7515
10 10
8982 9012
12008 11976
13536 13455
13509 13473
3002 3000
9018 8988
7490 7485
1501 1498
10465 10507
4 4
11984 12008
13536 13491
13464 13455
