5000000 1000
34937 35000
4999 5002
44838 44829
5005 4985
34979 35133
17570 17437
2184 2177
35000 35119
15018 14940
4985 5024
39840 40136
15027 15051
2491 2493
11277 11268
9964 10016
7473 7500
44865 45072
1992 1998
5017 5012
4290 4278
17521 17500
24990 25120
5002 5023
50180 49850
12445 12450
10 10
24875 25105
14934 14946
4984 5015
17563 17479
40000 39816
45171 45099
45099 44784
44829 45045
15042 15039
25105 24985
6235 6245
4996 5017
6660 6656
9958 10000
4997 4991
5011 4997
9978 10032
2860 2856
45081 45000
50170 49840
20008 20056
25110 24940
7021 6972
11295 11259
12545 12540
24895 24920
12470 12500
17416 17535
8365 8305
24925 24960
44991 45216
5014 5015
10030 9992
44910 44991
45189 44847
5011 4999
20096 20040
20056 20064
22581 22545
3332 3342
10002 10004
4185 4180
14937 14928
35007 35168
22428 22563
24955 25050
13368 13280
20008 20012
40032 40136
1992 2000
24885 25090
19904 19912
4095 4104
5020 4998
40024 39944
24935 24905
15060 14958
35161 35168
3326 3334
10046 10000
14970 14967
49870 49800
14991 15042
30054 29856
40072 40128
5003 5011
45099 45045
35105 34937
6664 6680
35105 34846
44820 44811
9968 9950
9980 9968
5024 5007
40088 40184
4982 4978
11641 11655
34888 35091
17451 17570
6270 6275
2785 2775
10018 9998
6636 6668
15045 15006
14964 15015
5005 4993
40088 40128
49930 49770
22392 22473
45099 45126
384 386
10034 10018
24950 24890
19988 20008
45207 44919
34993 35091
30066 29910
34909 35105
30066 29868
9988 9952
15030 15072
29964 29982
25075 25070
45009 45162
39872 39896
20028 20012
4980 5002
6652 6664
5007 5012
39816 40064
49800 50030
12490 12545
5014 5009
7512 7503
45126 44793
15012 14997
14934 14925
40168 40160
25075 24995
1254 1244
40088 39984
10008 10038
1185 1195
17479 17542
1252 1249
2775 2785
3768 3762
30036 30090
10004 9982
4993 4991
4995 5024
7524 7497
20096 20056
11655 11704
44919 44874
25085 24885
5012 4999
50230 50160
39944 39936
15009 14934
45135 45207
40128 40120
45153 44991
50070 49960
10030 9950
35091 34895
9952 10012
12525 12440
34979 34860
13384 13368
19976 20048
30108 29886
12465 12545
10044 10012
14964 15003
25045 24890
40008 40016
10040 9990
14928 15009
45153 45144
10010 10014
24890 25035
8982 9027
22545 22554
5020 5006
35021 34937
14979 14994
19988 20024
29946 29970
9974 10008
8 8
11690 11669
9000 9009
10044 10002
29910 30096
227 228
20000 19996
9000 9027
34923 34909
50040 49870
17563 17437
20012 19956
30030 29868
7533 7536
34986 34909
7150 7140
9970 9980
20096 20052
9 9
9982 9966
8360 8355
49760 49910
39896 40024
4983 5004
50170 50130
5018 5011
5020 4998
9954 10006
30006 30144
11259 11196
7479 7476
14997 14991
25010 25005
19948 20008
40008 40024
50120 49950
1302 1308
10022 10012
22473 22599
9970 9974
167 166
34825 35049
35021 34839
7976 7968
5598 5643
14943 14970
17423 17528
40112 40056
4984 4976
1246 1253
5004 5021
19928 20084
40096 40168
1251 1246
22581 22563
34972 35021
239 238
9970 9994
25000 24990
35028 35021
16630 16710
965 960
44964 45063
25120 25035
8016 7976
17479 17465
4984 5004
24940 25105
50000 50170
19920 19972
30048 30018
10046 10008
9952 9966
9956 10006
10 10
14946 14925
29976 29862
39952 40152
2506 2498
25015 24985
17521 17577
25060 25075
5003 4977
10028 9956
5 5
833 834
7503 7494
34881 35021
10014 9974
4984 4990
486 483
1664 1665
39944 40096
19964 19920
11627 11711
3185 3192
5018 4994
15021 14991
4997 4998
1000 999
19976 19904
39800 40184
9994 9970
50020 49790
44991 45117
14991 14994
19916 20056
30108 29994
5001 4986
35049 35077
14940 14961
45027 45216
5006 4987
4165 4150
4008 3980
35007 34867
24880 25015
39840 39992
20060 20036
8008 7984
9994 9954
40120 40024
50190 50110
44793 44973
5022 5011
17444 17423
30138 30072
9958 10014
22392 22509
30072 30066
10008 9980
30102 30036
10036 10048
39840 40088
8764 8771
9952 9964
50150 50180
10020 10022
1112 1114
19932 20008
45009 44946
20028 20000
9966 10022
1 1
49900 50230
40160 40152
39912 40120
2500 2492
8360 8345
251 250
14985 15069
30042 29922
50170 49950
9950 9992
7 7
4975 5009
40040 40056
1108 1114
19972 19980
7960 8016
22473 22599
8008 8016
15036 14946
10042 10008
5 5
19924 19948
40136 40120
30006 30066
29910 30006
14949 14985
50110 49830
29892 29946
20072 19980
7473 7479
15048 14946
15072 14961
9958 10008
15072 15057
40104 40160
9000 9009
12535 12515
16730 16690
9996 9990
24975 25045
15069 15009
9962 10020
17549 17458
14934 15021
25045 24935
5020 5002
49960 50190
6688 6668
5000 5017
34979 34923
12530 12555
25105 25020
455 456
9976 9956
3741 3756
30084 29922
9978 10046
5024 4980
14958 14937
17549 17577
39936 40072
13336 13368
2503 2496
49910 49830
1662 1671
39992 39808
10024 9992
3465 3456
44883 45180
12495 12500
25015 24945
10024 10034
34909 35091
1674 1667
20072 20052
4998 4985
14994 14925
24875 24905
14982 14976
14967 15018
4982 5014
5007 5020
10 10
9978 9998
14946 15042
4976 5012
44811 45144
50070 49910
17514 17521
5017 4997
29970 29958
20036 20080
49930 50120
17416 17549
24905 24960
9990 9976
9966 9954
3988 3996
4991 5000
35147 35000
44919 45207
4990 4995
20056 20088
35098 34951
40024 40064
15054 14925
11196 11259
2510 2498
44919 45207
24930 24995
29946 30036
10030 10002
35077 34825
35154 34853
12505 12545
1430 1434
12540 12550
14973 15021
5019 4980
39824 39992
25070 25105
9000 9027
20008 19980
34909 35147
17479 17493
49950 50120
39848 39880
344 346
19952 19948
50220 50150
39848 40032
20044 20096
25005 24890
11683 11655
3322 3340
10038 10048
1252 1249
10030 9970
25085 24895
9966 9976
15006 15012
16590 16700
627 624
20012 19924
35035 35014
40176 40088
39848 40080
10020 10014
10026 9988
49790 50240
29874 30138
45207 45126
49970 50150
711 713
25095 24925
5004 4998
6270 6260
4984 5010
49750 50140
1368 1365
39928 40000
44991 45018
79712 79696
12012 11964
59964 60228
37650 37365
2184 2177
70000 70238
15018 14940
24925 25120
39840 40136
40072 40136
9964 9972
15036 15024
12455 12520
29892 30000
54835 55088
4648 4662
40136 40096
6435 6417
40048 40000
34986 35168
20008 20092
95342 94715
22401 22410
17 17
44775 45189
22401 22419
9968 10030
30108 29964
70000 69678
55209 55121
65143 64688
69734 70070
20056 20052
70294 69958
11223 11241
9992 10034
19980 19968
29874 30000
29982 29946
50110 49970
11641 11704
2860 2856
65117 65000
70238 69776
20008 20056
40176 39904
11033 10956
22590 22518
15054 15048
44811 44856
16211 16250
29856 30060
13384 13288
59820 59904
54989 55264
50140 50150
10030 9992
59880 59988
70294 69762
45099 44991
37680 37575
42619 42636
37635 37575
16660 16710
10002 10004
4185 4180
19916 19904
35007 35168
37380 37605
54901 55110
28407 28220
65026 65039
75060 75255
3237 3250
44793 45162
42296 42313
4550 4560
25100 24990
80048 79888
39896 39848
25100 24930
50230 50240
3326 3334
45207 45000
14970 14967
59844 59760
59964 60168
40072 39808
80144 80256
35021 35077
60132 60060
60180 59892
12495 12525
80240 79648
74700 74685
54824 54725
12475 12460
40192 40056
85187 85391
22419 22401
21619 21645
39872 40104
37395 37650
12540 12550
6127 6105
20036 19996
13272 13336
55165 55022
29928 30030
25025 24965
55121 55176
84881 84609
39808 39952
60132 60168
1728 1737
55187 55099
42415 42313
49970 50020
60276 59892
59988 60156
50110 49850
74805 75225
45099 44802
12485 12440
37575 37680
34958 34979
25075 25070
45009 45162
79744 79792
65091 65039
27390 27511
16630 16660
15021 15036
79632 80128
54780 55033
34972 35126
5014 5009
20032 20008
90252 89586
30024 29994
19912 19900
50210 50200
40120 39992
6270 6220
75165 74970
10008 10038
3318 3346
32461 32578
8764 8743
5550 5570
5024 5016
30036 30090
25010 24955
39944 39928
19980 20096
10032 9996
40192 40112
19980 20064
69874 69804
65221 64701
35084 34993
75345 75240
64909 64896
60036 59736
60180 60276
80256 80240
85289 84983
75105 74940
16048 15920
70182 69790
12440 12515
30060 29856
39976 39840
20076 20052
39952 40096
30108 29886
22437 22581
27621 27533
44892 45009
35063 34846
50010 50020
10040 9990
34832 35021
85289 85272
45045 45063
59736 60084
11976 12036
40080 40096
15060 15018
75045 74865
44937 44982
19988 20024
44919 44955
24935 25020
17 17
25050 25005
10000 10010
21762 21671
59820 60192
2270 2280
50000 49990
16000 16048
69846 69818
95076 94753
25090 24910
45027 44901
75075 74670
25110 25120
54978 54857
12870 12852
10967 10978
65312 65169
17 17
34937 34881
20064 20052
89568 89838
59844 60036
4983 5004
75255 75195
45162 45099
5020 4998
24885 25015
70014 70336
16263 16172
27423 27412
54989 54967
45018 45009
29922 30012
75015 75045
50120 49950
1519 1526
40088 40048
44946 45198
49850 49870
1002 996
44775 45063
60036 59724
14955 14940
11196 11286
14943 14970
29868 30048
40112 40056
5607 5598
2136 2148
40032 40168
19928 20084
65156 65273
2502 2492
22581 22563
39968 40024
2390 2380
19940 19988
40000 39984
35028 35021
29934 30078
1930 1920
84932 85119
40192 40056
17034 16949
34958 34930
11214 11259
34916 35147
65000 65221
44820 44937
35056 35021
15069 15012
44784 44847
49780 50030
18 18
59784 59700
29976 29862
64922 65247
3759 3747
30018 29982
22527 22599
70168 70210
10006 9954
30084 29868
7 7
3332 3336
30012 29976
54813 55033
40056 39896
22428 22455
1134 1127
8320 8325
59916 60144
39928 39840
26576 26768
4550 4560
7527 7491
40056 39976
34979 34986
6000 5994
19976 19904
84575 85391
39976 39880
85034 84643
89982 90234
44973 44982
59748 60168
30108 29994
6668 6648
35049 35077
29880 29922
70042 70336
10012 9974
9996 9960
7014 6965
50010 49810
24880 25015
59760 59988
55165 55099
16016 15968
19988 19908
45135 45027
75285 75165
74655 74955
30132 30066
27412 27379
40184 40096
54769 55077
44784 45018
30072 30066
25020 24950
35119 35042
12545 12560
49800 50110
20032 20048
9952 9964
50150 50180
55110 55121
2224 2228
34881 35014
90018 89892
50070 50000
49830 50110
3 3
74850 75345
50200 50190
69846 70210
5625 5607
18392 18359
1004 1000
44955 45207
30042 29922
85289 84915
14925 14988
14 14
24875 25045
65065 65091
1662 1671
34951 34965
14925 15030
29964 30132
17017 17034
35084 34874
30126 30024
8 8
64753 64831
70238 70210
55011 55121
74775 75015
29898 29970
90198 89694
29892 29946
55198 54945
24910 24930
22572 22419
25120 24935
14937 15012
20096 20076
85221 85340
18000 18018
22563 22527
25095 25035
9996 9990
39960 40072
55253 55033
54791 55110
17549 17458
44802 45063
35063 34909
12550 12505
64948 65247
15048 15003
30000 30102
49970 49890
35084 35154
65273 65052
2730 2736
22446 22401
8729 8764
60168 59844
39912 40184
10048 9960
44874 44811
30084 30132
54912 55099
15003 15039
20024 19968
69874 69762
2770 2785
84983 84592
15036 14988
6930 6912
64831 65260
27489 27500
45027 44901
25060 25085
59844 60156
8370 8335
25090 25065
39984 39880
54978 54725
44775 44829
19976 19968
39912 40048
27401 27577
20028 20080
15 15
29934 29994
14946 15042
6220 6265
44811 45144
95133 94829
32526 32539
50170 49970
49950 49930
65117 65260
49930 50120
27368 27577
54791 54912
34965 34916
14949 14931
5982 5994
34937 35000
70294 70000
84847 85391
4990 4995
25070 25110
60168 59916
65039 65104
30108 29850
16172 16263
8785 8743
89838 90414
64818 64987
29946 30036
15045 15003
40088 39800
60264 59748
25010 25090
3575 3585
21318 21335
54901 55077
8365 8300
64714 64987
60168 60252
18000 18054
40016 39960
79792 80336
24970 24990
59940 60144
69734 69790
1376 1384
39904 39896
60264 60180
64753 65052
40088 40192
50010 49780
11683 11655
18271 18370
10038 10048
7512 7494
13039 12961
60204 59748
44847 44892
17507 17514
28203 28390
2299 2288
40024 39848
55055 55022
65286 65143
39848 40080
15030 15021
25065 24970
69706 70336
29874 30138
55253 55154
64961 65195
5688 5704
45171 44865
11676 11662
11913 11894
4984 5010
79600 80224
4104 4095
