5000000 1000
15042 14946
45207 44964
30018 30024
4981 4994
5000 5001
29898 30036
20044 20048
25045 24965
15054 15063
20056 20040
49910 50170
5013 4994
5 5
1994 2002
39896 40112
50190 49780
40168 40136
25005 24995
24985 25035
8785 8792
29916 29886
40040 40176
1737 1728
24965 25055
24940 24910
9996 10012
39808 39896
24885 24880
9972 9974
25030 25000
14928 15006
35021 35168
44964 44811
14997 15054
17549 17479
45171 44775
10 10
558 555
20084 19960
3322 3324
49970 50070
15051 14997
25095 25105
10004 9960
6 6
10010 9974
3006 2991
14958 14943
14967 15030
49770 49780
4982 5023
29868 30054
22500 22401
24910 24980
49930 49900
40056 40144
5022 5001
1589 1596
14991 15063
35161 35056
34867 35035
12550 12540
25075 24915
8792 8715
10038 9952
9970 9956
34825 34923
2507 2501
29964 30126
2512 2506
19948 20032
8345 8310
29910 29868
49780 50090
2488 2489
2496 2491
10018 9974
24875 25005
29988 29850
626 624
19912 20076
29982 29880
34895 34916
2504 2502
24925 25045
39944 39992
24960 24890
12530 12510
24905 25085
6652 6644
30126 30036
14970 15021
15063 14973
4530 4540
4993 5017
20052 19984
15039 14961
35028 35161
30000 29922
10008 10024
5023 5022
22446 22455
14925 14928
7530 7476
22581 22437
12485 12535
45153 45081
588 590
14931 15021
19944 19988
25005 25120
15063 14967
1247 1250
4989 5014
15036 15054
40024 40080
10 10
24885 25100
17563 17584
29874 30066
49850 49980
10006 9960
4984 4976
3348 3326
2505 2492
50110 49860
34895 35049
20008 19996
22428 22581
19960 20092
15033 15054
22545 22527
5010 5013
25005 25015
20056 20020
4992 4977
249 251
19928 19964
20092 19916
50050 50090
17465 17479
13392 13336
9956 10000
49750 49880
49930 49900
22437 22419
11627 11718
45117 45189
4296 4278
14997 15003
25115 25090
25025 24890
20060 20048
9988 10028
2151 2133
3750 3738
29988 29982
35070 35021
1256 1253
20064 19972
4979 4980
10004 9976
766 768
12465 12545
25040 25050
17486 17521
35042 34839
5009 4996
418 415
49870 50100
1780 1790
45198 45081
44865 45081
6235 6230
49970 49810
50040 50030
14964 14949
1254 1248
40000 39832
39896 39864
40136 40072
10028 9996
25065 25000
5019 5004
25040 24910
24960 25085
45189 44901
25010 24905
15069 15045
4993 4997
40184 40192
24880 24935
6644 6692
1251 1252
45216 45171
6692 6688
45027 45072
24955 24965
19944 19948
1674 1673
29976 29934
25055 24965
2002 1996
6668 6672
44838 45189
4978 4981
25105 24905
14979 14943
2177 2198
5016 4977
2509 2505
15060 14994
19984 19944
11704 11683
833 836
35007 35140
14940 14961
4990 5011
1365 1368
6240 6265
5013 4997
10040 10022
12510 12470
25085 25035
4990 5008
40088 39864
19976 20032
15027 15045
25095 25010
14991 14982
14979 14925
9982 10002
34923 35042
6652 6692
19992 20032
35063 34916
2075 2085
10048 10022
22581 22572
4995 4983
10002 9966
4993 5022
40128 39832
4 4
11683 11634
39856 39816
4986 5000
1 1
39856 40136
24985 25035
30012 29886
4518 4509
40088 40168
17486 17521
3580 3585
25080 24950
3318 3324
9976 10038
2852 2844
10012 9950
19956 20060
29862 30012
19964 20024
1660 1666
2000 2002
2491 2489
40088 39816
30090 29994
9950 9972
19928 20056
39856 40184
39832 39880
44883 44928
34867 35021
14985 15036
35021 35077
25015 25025
19952 20084
9976 9992
908 912
49780 50030
25105 25070
20020 20044
39928 40056
7536 7497
19984 19928
44991 45000
39936 40088
22581 22491
9982 9976
9974 10038
19904 20068
15003 14967
25065 25085
1253 1246
50080 50150
6265 6255
30042 29964
6986 6965
39808 39912
20000 19988
7494 7536
25115 25075
5012 5018
7482 7467
34881 35021
5024 4984
44955 45027
1071 1068
34965 34916
9986 9956
9960 9962
5007 5012
5000 5024
11277 11259
3 3
12440 12525
44901 44784
15006 14937
10038 10032
49820 49770
4996 4984
831 836
2507 2506
49750 49840
39800 39968
49870 49820
20008 20084
25110 24895
35140 35077
15024 14955
9952 10024
324 322
50130 50000
4995 5008
29958 30024
15036 15042
45135 45216
20020 20016
50110 50080
35105 35091
8 8
5022 5008
39800 40152
12535 12555
5006 5000
3322 3338
44883 44820
1 1
10014 9990
6012 5970
474 476
5014 5019
7 7
10002 9970
49800 49910
29850 29904
9992 10044
1195 1190
50170 50080
4996 4998
39864 40048
3320 3330
15039 14943
17493 17486
50030 49830
4996 5007
5008 4988
25020 24910
668 664
19968 20060
17486 17479
4976 5019
8736 8785
29958 29916
35021 35112
50090 50140
2367 2376
39872 39880
10048 10014
25040 25025
7527 7473
9978 10002
34965 35126
5009 4982
44775 44802
35168 34993
29988 29850
9986 10034
1674 1671
19912 20008
7506 7521
9982 9952
35035 35007
13304 13352
39880 40192
9978 9960
39848 40024
20036 20012
39992 39960
15030 14997
45000 45099
4 4
30066 29964
25085 25050
22419 22590
2494 2506
30054 30036
35105 34944
44856 44829
39808 39976
14943 14970
20008 19956
7530 7479
25090 24970
20032 20020
5021 4984
39936 40168
2492 2490
24950 24885
6270 6250
45216 44829
34923 35077
10028 9958
8715 8792
29928 29886
2498 2497
19992 20092
25040 24965
19948 20012
5013 5020
39872 40072
19924 20012
2860 2852
15024 15069
49930 50010
3332 3328
30054 30072
29868 29994
15054 14949
2058 2051
14973 15063
12500 12535
50210 49860
7 7
30084 30126
24905 24875
45063 44883
15009 14967
30030 29922
14961 15069
5015 5010
29958 30000
9998 9996
30144 29958
10018 9998
34993 34825
4440 4424
40120 39928
19952 19900
20008 19916
40184 40080
14946 15015
17584 17535
20084 20020
4396 4361
35021 35105
45189 45207
2496 2498
19988 19972
5014 4981
1384 1376
39864 39896
7984 7960
9 9
19900 19928
25050 25115
4 4
10010 10034
20016 20008
4997 5004
35077 34839
19984 20028
34846 35091
1992 2000
4981 5019
50080 49750
29910 30108
39912 40000
9 9
14949 15057
4977 5020
45180 45171
3759 3750
50130 49930
9954 9970
45216 45135
7984 7992
10000 9986
2991 3003
15042 14946
55253 54956
75045 75060
39848 39952
10000 10002
29898 30036
30066 30072
50090 49930
40144 40168
32591 32565
69874 70238
30078 29964
6 6
8973 9009
54857 55154
90342 89604
75315 75255
40008 39992
44973 45063
15060 15072
44874 44829
60060 60264
3088 3072
29958 30066
42398 42347
29988 30036
49760 49870
49770 49760
34902 34909
40048 40000
32344 32513
70042 70336
84932 84643
59988 60216
32591 32461
50190 49750
11 11
2046 2035
50210 49900
13288 13296
69958 70098
20068 19996
40152 40168
22509 22410
14 14
45045 44883
9018 8973
54846 54791
18293 18370
59724 59736
29892 30138
54758 55099
37500 37335
29892 29976
84881 84830
65091 65234
10044 10002
1816 1824
29982 30126
75345 75120
69734 70070
15060 15048
55165 54813
17584 17430
25095 24880
19940 19912
74625 74835
12535 12505
44946 45189
8792 8771
29922 30048
23366 23268
69790 69692
79648 80144
17416 17423
22464 22419
25045 24935
34825 35007
59976 59700
2191 2184
49780 50190
44973 44820
34895 34916
6260 6255
64805 65117
74895 74985
24960 24890
13783 13761
29886 30102
11641 11627
75315 75090
54890 55077
45189 44919
7701 7718
34951 35119
25065 24980
25065 24935
65052 65299
60000 59844
18765 18795
20092 20088
22446 22455
44775 44784
8785 8722
37635 37395
17479 17549
55187 55099
3234 3245
26544 26704
19944 19988
55011 55264
30126 29934
6235 6250
49890 50140
35084 35126
50030 50100
18 18
69678 70280
25090 25120
74685 75165
69790 69972
30018 29880
9968 9952
6696 6652
12525 12460
80176 79776
54835 55077
60024 59988
27412 27599
29940 30138
40088 40144
37575 37545
8350 8355
40008 40024
65182 65065
19968 19908
1992 2008
24910 24955
20092 19916
70070 70126
27445 27467
28458 28339
9956 10000
89550 89784
89874 89820
22437 22419
14949 15066
75195 75315
5012 4991
39992 40008
55253 55198
55055 54758
25075 25060
24970 25070
2151 2133
6875 6853
39984 39976
65130 65039
5024 5012
50160 49930
44811 44820
10004 9976
1532 1536
19944 20072
32552 32565
27478 27533
55066 54747
10018 9992
3344 3320
79792 80160
3026 3043
50220 50090
69790 70126
17458 17444
94943 94639
65052 65039
14964 14949
1463 1456
40000 39832
44883 44847
80272 80144
30084 29988
70182 70000
8365 8340
35056 34874
34944 35119
80336 79824
65026 64753
55253 55165
19972 19988
60276 60288
59712 59844
14949 15057
12510 12520
55264 55209
21749 21736
70042 70112
54901 54923
29916 29922
5022 5019
39968 39912
30066 29958
6006 5988
20004 20016
49820 50210
29868 29886
40168 39848
29958 29886
4976 5024
13376 13272
17563 17535
37650 37485
27478 27423
21736 21697
1666 1672
80016 80320
54780 54857
9980 10022
5460 5472
16224 16289
35091 34979
40160 40088
18765 18705
30102 30042
17465 17528
85187 84711
24970 25040
15027 15045
50190 50020
44973 44946
34951 34825
49910 50010
74835 75090
6652 6692
39984 40064
40072 39904
4565 4587
15072 15033
32617 32604
16650 16610
21671 21593
4993 5022
70224 69706
6 6
25035 24930
39856 39816
9972 10000
7 7
44838 45153
39976 40056
65026 64753
8032 8016
85187 85357
27478 27533
3580 3585
40128 39920
5530 5540
24940 25095
8556 8532
55066 54725
24945 25075
44793 45018
64883 65078
9130 9163
5000 5005
19928 19912
40088 39816
35105 34993
54725 54846
34874 35098
79712 80368
79664 79760
79792 79872
69734 70042
14985 15036
60036 60132
60036 60060
39904 40168
14964 14988
2724 2736
89604 90054
30126 30084
55055 55121
74865 75105
20096 19992
42466 42347
64987 65000
84864 85187
27599 27489
19964 19952
14961 15057
39808 40136
26672 26608
25065 25085
2148 2136
55088 55165
16289 16263
70098 69916
8982 8955
84592 84813
40000 39976
11241 11304
60276 60180
12530 12545
7482 7467
69762 70042
10676 10591
79920 80048
1785 1780
59940 59856
44937 44802
19920 19924
45063 45108
8750 8792
22554 22518
6 6
24880 25050
69846 69664
40016 39832
10038 10032
49820 49770
12490 12460
5817 5852
20056 20048
79600 79744
44775 44964
89766 89676
50020 50210
30132 29874
50200 50110
40064 39880
17416 17542
1620 1610
70182 70000
9990 10016
69902 70056
25060 25070
45135 45216
55055 55044
80176 80128
70210 70182
14 14
5022 5008
64675 65247
17549 17577
27533 27500
18271 18359
79792 79680
8 8
20028 19980
15030 14925
2133 2142
15042 15057
12 12
30006 29910
49800 49910
74625 74760
22482 22599
3346 3332
50170 50080
4996 4998
69762 70084
5976 5994
55143 54791
19992 19984
50030 49830
34972 35049
11268 11223
30024 29892
1169 1162
34944 35105
17486 17479
49760 50190
12480 12550
54923 54846
50030 50160
70126 70196
3945 3960
49840 49850
15072 15021
45072 45045
12545 12455
23282 23338
64935 65234
50090 49820
59700 59736
80384 79984
69972 69650
49930 50170
6138 6127
22401 22509
7506 7521
29946 29856
80080 80016
26608 26704
74775 75360
11641 11620
59772 60036
30054 30018
59988 59940
60120 59988
70000 70154
8 8
30066 29964
25085 25050
24910 25100
8729 8771
55099 55066
35105 34944
79744 79696
69664 69958
34867 34930
25010 24945
20080 19944
32617 32461
25040 25025
5021 4984
59904 60252
3738 3735
24950 24885
7524 7500
55264 54791
34923 35077
50140 49790
11205 11304
69832 69734
17486 17479
44982 45207
45072 44937
19948 20012
50130 50200
64792 65117
59772 60036
6435 6417
40064 40184
89874 90018
10829 10816
30054 30072
54758 54989
60216 59796
4704 4688
24955 25105
25000 25070
55231 54846
16 16
30084 30126
34867 34825
90126 89766
35021 34923
55055 54857
19948 20092
13039 13026
69902 70000
24995 24990
75360 74895
20036 19996
39992 39800
8325 8295
75225 74865
54868 54725
55022 54769
75345 75150
24910 25025
30144 30060
40168 40040
10048 9968
65039 65195
60252 60276
13728 13739
24985 24965
25070 24905
1384 1376
54813 54857
9980 9950
10 10
39800 39856
35070 35161
9 9
35035 35119
42534 42517
9994 10008
65143 64701
64948 65091
39824 40104
4233 4250
44829 45171
65104 64675
39880 40144
64857 65000
11 11
29898 30114
19908 20080
90360 90342
7518 7500
50130 49930
39816 39880
55264 55165
13972 13986
55000 54923
3988 4004
