838352 200
58276 55488
38443 34114
84455 85500
87204 86258
64356 65534
62248 56730
52332 45227
91275 90975
8620 8560
42021 30498
6957 11025
49665 52417
60060 51942
28015 36400
59070 54186
76461 90706
65230 60995
266 236
98555 93840
20257 20116
69426 50388
44834 71050
90090 77913
46548 60480
86815 79637
4389 3894
53013 52644
46548 60480
9044 8024
81028 80464
61633 80080
10507 9322
11837 10502
14763 13098
16492 14632
22610 20060
23541 20886
34314 30444
35644 31624
39900 35400
47880 42480
48944 43424
53333 47318
54264 48144
59717 52982
69958 62068
81928 72688
93632 83072
1157 1574
1326 1262
1933 1038
1533 1526
1643 1320
1584 1920
1109 1714
1088 1094
1641 1022
1255 1495
1779 1503
1011 1315
1074 1812
1541 1305
1993 1517
1091 1027
1290 1503
1541 1769
1647 1575
1248 1426
1347 1290
1356 1832
1278 1456
1830 1444
1291 1271
1775 1085
1752 1070
1882 1138
1443 1827
1344 1424
1803 1789
1644 1787
1556 1093
1021 1185
1964 1203
1845 1269
1101 1311
1119 1201
1997 1731
1003 1949
1034 1640
1710 1778
1268 1786
1965 1944
1720 1064
1853 1309
1448 1524
1969 1497
1034 1004
1559 1990
1259 1998
1661 1404
1957 1712
1444 1780
1729 1306
1946 1447
1577 1115
1254 1008
1953 1845
1909 1219
1881 1025
1549 1114
1963 1329
1686 1519
1861 1998
1348 1245
1650 1121
1833 1010
1790 1959
1266 1277
1076 1872
1339 1212
1221 1653
1851 1593
1813 1526
1551 1112
1227 1694
1023 1453
1324 1542
1540 1709
1307 1185
1306 1889
1251 1957
1268 1492
1121 1041
1265 1534
1099 1198
1203 1605
1198 1672
1198 1406
1519 1363
1057 1101
1554 1098
1640 1433
1494 1878
1064 1533
1774 1801
1110 1370
1214 1025
1066 1379
1265 1336
1534 1684
1641 1364
1036 1089
1496 1839
1203 1586
1688 1015
1465 1612
1397 1242
1473 1105
1638 1892
1045 1537
1259 1412
1437 1156
1887 1474
1810 1856
1892 1504
1221 1696
1785 1533
1724 1609
1196 1633
1000 1279
1892 1236
1478 1465
1571 1289
1533 1951
1840 1561
1326 1579
1087 1100
1926 1115
1971 1326
1830 1088
1784 1215
1748 1051
1661 1921
1555 1473
1752 1209
1445 1555
1373 1996
1638 1275
1579 1944
1857 1171
1750 1419
1871 1183
1299 1837
1163 1797
1237 1622
1838 1346
1397 1021
1295 1938
1763 1410
1971 1202
