4212813 500
66420 89991
43624 44574
27115 29755
16954 11074
17143 15314
47916 38456
18300 23820
5322 6072
31350 39634
1749 1961
5768 5152
43610 31010
25139 18906
3632 3804
240 234
17820 18054
10724 17360
7871 7259
77184 89208
308 319
56252 57477
58174 63838
32178 21018
17696 15808
31720 41288
71847 81972
58575 74053
4719 5291
6283 5612
51709 36769
54650 41100
14528 15216
640 624
75240 76228
31789 51460
17594 16226
1540 1595
69020 75740
34600 22600
70231 62738
55510 72254
4884 5476
10300 9200
73514 52274
71045 53430
71732 75129
4560 4446
32938 53320
41207 38003
2156 2233
39098 25538
67100 87340
7656 8584
17304 15456
84105 59805
5640 5499
34087 55180
64820 59780
4816 4988
39098 25538
8217 9213
18746 16744
98434 69994
9440 9204
48258 78120
6300 6525
44115 28815
8976 10064
25750 23000
12360 12051
8960 9280
48440 31640
9669 10841
30076 26864
12480 12168
9744 10092
53976 35256
12540 14060
39964 35696
12560 12246
12068 12499
67470 44070
15213 17057
43981 39284
13720 13377
14196 14703
74217 48477
15378 17242
48719 43516
13920 13572
14980 15515
90306 58986
16764 18796
55620 49680
15760 15366
15624 16182
97572 63732
17259 19351
57165 51060
16400 15990
17472 18096
18612 20868
66126 59064
16600 16185
18704 19372
20823 23347
75293 67252
17880 17433
19124 19807
23826 26714
82194 73416
21600 21060
19824 20532
25740 28860
89816 80224
21640 21099
22540 23345
26763 30007
94657 84548
21720 21177
22848 23664
28116 31524
24840 24219
23940 24795
28776 32264
25680 25038
25452 26361
31680 35520
27160 26481
27468 28449
33330 37370
30280 29523
27776 28768
33561 37629
33240 32409
29960 31030
36762 41218
35560 34671
32564 33727
38082 42698
38680 37713
34972 36221
38643 43327
40120 39117
36652 37961
39270 44030
41480 40443
39200 40600
39864 44696
45000 43875
40712 42166
40227 45103
46480 45318
41636 43123
41910 46990
46880 45708
43148 44689
43791 49099
50800 49530
45696 47328
44781 50209
50800 49530
46284 47937
46134 51726
51120 49842
48944 50692
46794 52466
53400 52065
49112 50866
47223 52947
55360 53976
51464 53302
48939 54871
58040 56589
52024 53882
51051 57239
59560 58071
52192 54056
51315 57535
61800 60255
54852 56811
53361 59829
62600 61035
55748 57739
56496 63344
65440 63804
56924 58957
56529 63381
68640 66924
59500 61625
57981 65009
69040 67314
62104 64322
60126 67414
69200 67470
63588 65859
60555 67895
70160 68406
63868 66149
61182 68598
73720 71877
64176 66468
61281 68709
77440 75504
66360 68730
63756 71484
77840 75894
66808 69194
66462 74518
78560 76596
67508 69919
69003 77367
79840 77844
70224 72732
71016 79624
80960 78936
72128 74704
72864 81696
84200 82095
72128 74704
74448 83472
85240 83109
72436 75023
77517 86913
88880 86658
74312 76966
79035 88615
91120 88842
75516 78213
79299 88911
92200 89895
76412 79141
79959 89651
93400 91065
78596 81403
81609 91501
93640 91299
81060 83955
83820 93980
95240 92859
82684 85637
85272 95608
95920 93522
85204 88247
86625 97125
97120 94692
87164 90277
88638 99382
98640 96174
88620 91785
90804 94047
91476 94743
92372 95671
92960 96280
94164 97527
96376 99818
1387 1286
1871 1205
1288 1159
1610 1049
1637 1046
1286 1277
1973 1647
1337 1555
1937 1866
1279 1508
1460 1176
1615 1192
1569 1590
1463 1547
1026 1012
1299 1693
1899 1766
1925 1170
1219 1539
1937 1535
1164 1208
1855 1223
1130 1489
1355 1544
1052 1067
1595 1634
1827 1864
1806 1210
1758 1396
1760 1270
1963 1136
1902 1059
1229 1214
1105 1180
1067 1800
1360 1042
1617 1232
1073 1567
1112 1747
1167 1429
1415 1516
1733 1762
1973 1594
1342 1539
1809 1083
1219 1103
1514 1125
1339 1474
1006 1744
1896 1445
1487 1073
1657 1257
1176 1457
1204 1731
1512 1288
1157 1723
1838 1279
1226 1890
1429 1163
1246 1920
1023 1591
1716 1465
1291 1890
1986 1055
1852 1297
1723 1882
1491 1340
1797 1380
1463 1668
1308 1353
1429 1975
1607 1465
1355 1267
1430 1833
1753 1137
1728 1028
1845 1129
1371 1444
1851 1137
1786 1357
1239 1704
1396 1509
1890 1083
1103 1545
1250 1705
1681 1411
1877 1679
1298 1640
1825 1584
1721 1080
1108 1930
1411 1801
1245 1954
1443 1782
1139 1449
1153 1229
1739 1731
1814 1549
1446 1981
1686 1917
1680 1696
1376 1719
1711 1909
1494 1674
1755 1536
1467 1567
1369 1215
1169 1878
1661 1966
1415 1612
1194 1152
1883 1920
1821 1933
1266 1049
1318 1267
1964 1952
1024 1351
1260 1692
1718 1735
1272 1106
1674 1825
1041 1091
1321 1395
1713 1562
1527 1982
1487 1481
1401 1721
1006 1722
1124 1575
1842 1272
1576 1794
1145 1158
1202 1952
1688 1406
1512 1921
1098 1312
1403 1538
1285 1139
1054 1724
1059 1999
1832 1581
1654 1898
1620 1233
1808 1660
1284 1096
1891 1003
1161 1212
1517 1036
1794 1716
1637 1205
1869 1659
1549 1735
1227 1624
1700 1835
1186 1281
1214 1111
1009 1018
1603 1868
1880 1982
1078 1412
1767 1164
1728 1321
1358 1280
1996 1245
1802 1504
1163 1633
1721 1023
1647 1713
1900 1300
1581 1348
1459 1086
1456 1147
1015 1821
1803 1059
1471 1895
1411 1233
1555 1238
1871 1491
1089 1265
1769 1867
1853 1891
1267 1933
1646 1574
1226 1914
1614 1546
1984 1159
1306 1074
1247 1440
1499 1321
1216 1050
1283 1323
1913 1979
1470 1190
1455 1784
1652 1559
1803 1225
1158 1505
1431 1070
1336 1156
1054 1657
1816 1951
1377 1390
1830 1122
1795 1624
1026 1681
1004 1363
1342 1309
1500 1270
1054 1164
1076 1307
1532 1058
1915 1231
1653 1042
1550 1698
1707 1989
1292 1604
1994 1875
1349 1669
1645 1176
1858 1144
1859 1671
1333 1214
1484 1553
1718 1185
1492 1891
1301 1146
1729 1377
1419 1217
1267 1734
1723 1322
1278 1975
1202 1368
1389 1625
1801 1552
1048 1035
1058 1011
1226 1908
1461 1391
1928 1062
1953 1531
1029 1421
1798 1607
1176 1758
1492 1569
