1899730 1000
28296 28242
4465 4735
1260 1113
9169 8321
2622 2634
55500 60480
10752 10788
20448 19962
58682 67039
12557 15747
6138 5304
33592 30974
16995 14940
43472 40260
48645 52076
55664 48314
24024 21203
96475 83895
15540 16125
30212 31136
50304 50208
51794 54926
2160 1908
9342 8478
17917 17999
56425 61488
44800 44950
83694 95613
20784 26064
42966 37128
65208 60126
51376 47580
29040 25630
68376 70950
64452 64329
6000 5300
16435 14915
40641 40827
66600 72576
61919 77649
48081 41548
85956 79257
31680 27960
8700 7685
32005 29045
76038 76386
84175 91728
68847 86337
92872 85634
31680 27960
10380 9169
43596 39564
35112 30989
11460 10123
45499 41291
53328 47066
16440 14522
54668 49612
58872 51959
22080 19504
62280 56520
76560 67570
27420 24221
62453 56677
29280 25864
64529 58561
33960 29998
77331 70179
34500 30475
89095 80855
37800 33390
93939 85251
39960 35298
95323 86507
45180 39909
50460 44573
50880 44944
55260 48813
58260 51463
61020 53901
61560 54378
65340 57717
69180 61109
70440 62222
72420 63971
75240 66462
76800 67840
77160 68158
82740 73087
86940 76797
91380 80719
93480 82574
97740 86337
98640 87132
1293 1135
1545 1341
1548 1513
1801 1525
1465 1208
1097 1238
1964 1072
1370 1647
1511 1525
1246 1334
1634 1244
1602 1272
1794 1027
1062 1176
1643 1266
1753 1729
1422 1936
1801 1298
1176 1322
1531 1603
1193 1641
1065 1628
1275 1509
1035 1435
1121 1786
1382 1281
1906 1755
1783 1337
1865 1700
1318 1845
1926 1509
1797 1072
1722 1700
1023 1599
1202 1898
1891 1554
1534 1395
1257 1956
1391 1809
1948 1292
1925 1865
1620 1682
1019 1831
1532 1755
1953 1237
1746 1850
1274 1879
1932 1543
1142 1997
1247 1307
1861 1696
1444 1139
1447 1395
1556 1701
1993 1191
1056 1856
1539 1918
1102 1676
1432 1910
1147 1634
1836 1385
1616 1245
1789 1463
1812 1900
1207 1283
1980 1059
1550 1420
1167 1424
1125 1350
1541 1724
1932 1470
1740 1597
1625 1823
1734 1842
1476 1409
1146 1233
1831 1665
1480 1115
1015 1620
1255 1292
1703 1223
1995 1235
1011 1254
1956 1163
1887 1136
1958 1497
1446 1819
1643 1699
1541 1423
1833 1729
1314 1370
1387 1331
1446 1145
1117 1867
1159 1814
1389 1373
1960 1862
1468 1384
1547 1972
1460 1424
1273 1786
1958 1419
1470 1719
1143 1953
1034 1011
1381 1328
1011 1700
1198 1120
1987 1810
1624 1667
1392 1146
1361 1365
1749 1353
1677 1829
1606 1649
1787 1489
1908 1879
1951 1097
1050 1378
1742 1446
1126 1436
1137 1475
1596 1137
1299 1687
1354 1583
1082 1923
1640 1747
1452 1443
1624 1742
1391 1129
1618 1582
1814 1530
1628 1879
1609 1765
1563 1030
1819 1351
1179 1689
1178 1956
1643 1775
1710 1478
1753 1349
1096 1792
1587 1746
1488 1548
1677 1564
1146 1231
1761 1648
1527 1960
1077 1741
1772 1136
1840 1992
1033 1591
1899 1019
1146 1564
1394 1894
1243 1856
1001 1499
1245 1340
1240 1588
1504 1733
1964 1270
1918 1651
1963 1726
1819 1445
1933 1393
1385 1591
1534 1125
1496 1771
1335 1785
1679 1642
1499 1729
1228 1275
1615 1852
1440 1474
1559 1207
1477 1297
1948 1524
1602 1395
1192 1263
1008 1421
1365 1478
1603 1746
1517 1899
1037 1452
1094 1204
1933 1716
1991 1945
1797 1513
1987 1958
1166 1590
1887 1547
1423 1995
1391 1187
1802 1025
1798 1935
1413 1811
1557 1163
1415 1369
1821 1426
1630 1452
1520 1267
1213 1563
1076 1864
1174 1010
1952 1416
1315 1692
1688 1839
1378 1090
1115 1431
1366 1181
1992 1265
1429 1780
1501 1901
1327 1196
1000 1674
1941 1957
1872 1520
1736 1154
1517 1300
1068 1911
1603 1469
1661 1383
1473 1643
1074 1039
1220 1940
1206 1441
1573 1564
1465 1987
1535 1074
1100 1792
1101 1535
1407 1041
1196 1973
1274 1144
1407 1065
1886 1342
1078 1010
1006 1547
1939 1903
1196 1080
1521 1159
1076 1754
1093 1094
1520 1541
1334 1628
1163 1620
1014 1787
1761 1570
1066 1562
1627 1387
1081 1473
1836 1513
1413 1159
1415 1842
1922 1352
1863 1611
1717 1796
1242 1939
1481 1810
1438 1115
1087 1167
1954 1953
1523 1101
1663 1067
1454 1942
1415 1642
1156 1536
1695 1603
1445 1921
1273 1462
1425 1720
1516 1136
1076 1142
1304 1758
1225 1909
1076 1742
1695 1313
1414 1382
1450 1571
1513 1430
1072 1904
1440 1280
1884 1580
1501 1488
1302 1681
1401 1774
1263 1728
1222 1269
1380 1691
1600 1527
1621 1605
1918 1028
1762 1669
1240 1685
1115 1212
1469 1105
1385 1539
1120 1261
1101 1269
1303 1973
1100 1404
1484 1704
1974 1363
1406 1058
1585 1354
1959 1358
1386 1559
1228 1230
1915 1500
1713 1820
1925 1382
1273 1534
1147 1662
1284 1393
1719 1249
1005 1587
1291 1819
1534 1841
1899 1617
1971 1292
1650 1837
1396 1283
1865 1388
1888 1976
1796 1780
1514 1953
1487 1073
1735 1787
1533 1987
1236 1371
1958 1604
1775 1593
1786 1602
1219 1661
1953 1685
1874 1543
1826 1603
1991 1622
1598 1691
1823 1879
1185 1746
1171 1689
1828 1672
1011 1259
1630 1361
1965 1599
1192 1589
1191 1092
1753 1978
1016 1762
1305 1706
1661 1890
1865 1131
1174 1652
1884 1815
1914 1349
1038 1421
1093 1085
1344 1867
1580 1457
1056 1327
1268 1898
1990 1249
1579 1459
1221 1744
1802 1947
1190 1527
1010 1464
1468 1055
1870 1537
1886 1704
1125 1136
1222 1277
1496 1571
1028 1918
1245 1428
1326 1084
1685 1513
1324 1669
1413 1617
1564 1898
1777 1567
1031 1754
1161 1139
1676 1500
1556 1384
1520 1915
1192 1682
1253 1094
1013 1040
1468 1633
1717 1610
1476 1795
1464 1755
1372 1152
1050 1229
1796 1288
1395 1179
1319 1180
1680 1556
1292 1347
1262 1588
1270 1813
1907 1806
1846 1875
1860 1272
1235 1315
1110 1930
1685 1711
1863 1926
1507 1057
1345 1266
1797 1303
1483 1740
1649 1468
1816 1515
1104 1941
1106 1430
1237 1726
1602 1366
1638 1083
1398 1462
1392 1225
1936 1860
1138 1429
1838 1152
1770 1645
1301 1184
1276 1567
1388 1784
1652 1277
1571 1204
1986 1756
1834 1677
1043 1223
1659 1436
1251 1034
1611 1409
1270 1995
1425 1548
1052 1760
1406 1615
1799 1822
1741 1707
1843 1428
1057 1129
1685 1495
1603 1628
1306 1672
1247 1438
1226 1701
1087 1906
1316 1829
1825 1699
1599 1938
1698 1602
1217 1651
1825 1456
1163 1369
1149 1566
1048 1359
1854 1206
1187 1085
1109 1810
1248 1493
1546 1709
1967 1826
1656 1986
1685 1283
1573 1833
1787 1284
1287 1624
1080 1356
1077 1112
1030 1596
1955 1226
1785 1430
1868 1161
1971 1972
1817 1329
1038 1571
1750 1715
1701 1006
1641 1406
1591 1386
1022 1215
1191 1730
1086 1661
1773 1271
1867 1164
1742 1156
1938 1174
1336 1879
1203 1158
1488 1659
1231 1372
1088 1526
1884 1981
1739 1789
1176 1526
1093 1682
1412 1550
1212 1284
1555 1498
1014 1337
1845 1775
1949 1109
1988 1784
1942 1637
1297 1544
1916 1430
1309 1880
1861 1004
1794 1193
1719 1952
1634 1322
1872 1812
1448 1046
1896 1084
1774 1356
1131 1263
1372 1619
1755 1432
1070 1712
1256 1698
1480 1719
1599 1525
1529 1141
1335 1812
1764 1323
1997 1406
1571 1750
1148 1870
1306 1019
1375 1396
1659 1080
1700 1858
1291 1031
1096 1455
1505 1713
1432 1704
1229 1338
1479 1031
1843 1759
1434 1814
1573 1959
1709 1432
1654 1144
1515 1209
1605 1960
1041 1891
1101 1265
1648 1093
1900 1392
1105 1096
1801 1406
1744 1889
1920 1030
1141 1575
1742 1763
1074 1576
1360 1315
1811 1783
1344 1014
1974 1326
1569 1950
1567 1367
1460 1671
1063 1567
1664 1361
1119 1521
1410 1465
1495 1215
1790 1683
1446 1637
1565 1532
1847 1873
1008 1925
1939 1658
1337 1353
1303 1265
1633 1906
1577 1222
1789 1445
1158 1993
1514 1453
1270 1277
1492 1276
1959 1766
1755 1283
1167 1758
1631 1672
1597 1015
1025 1639
1992 1888
1505 1362
1621 1647
1221 1490
1936 1198
1191 1011
1816 1446
1724 1057
1334 1087
1205 1568
1203 1645
1403 1960
1984 1371
1738 1386
1026 1581
1821 1763
1478 1370
1370 1326
1169 1099
1649 1591
1602 1105
1551 1841
1250 1419
1858 1627
1196 1936
1582 1063
1375 1399
1770 1985
1372 1359
1292 1860
1976 1750
1120 1113
1791 1454
1905 1490
1082 1960
1417 1554
1747 1036
1807 1321
1300 1998
1934 1665
1728 1496
1248 1868
1854 1455
1814 1370
1231 1578
1328 1458
1571 1207
1013 1800
1643 1715
1027 1270
1824 1725
1761 1797
1118 1924
1274 1921
1586 1418
1267 1560
1429 1667
1122 1515
1237 1635
1213 1289
1747 1468
1027 1893
1693 1671
1738 1392
1662 1688
1413 1765
1562 1839
1763 1527
1448 1032
1451 1389
1949 1386
1053 1070
1937 1730
1365 1176
1465 1174
1643 1578
1823 1564
1235 1022
1415 1869
1557 1973
1091 1077
1916 1323
1202 1653
1038 1031
1772 1002
1388 1841
1911 1722
1452 1442
1970 1848
1022 1170
1748 1787
1351 1017
1392 1924
1793 1939
1264 1807
1236 1702
1025 1355
1361 1505
1888 1227
1229 1399
1592 1661
1735 1970
1412 1503
1703 1187
1357 1382
1521 1725
1095 1458
1734 1872
1163 1487
1294 1527
1581 1428
1783 1882
1387 1607
1186 1496
1247 1276
1937 1768
1738 1839
1694 1672
1211 1502
1236 1397
1475 1921
1731 1757
1629 1570
1409 1465
1344 1793
1573 1055
1937 1925
1884 1708
1205 1325
1601 1423
1191 1804
1644 1890
1562 1281
1783 1690
1088 1125
1046 1019
1128 1563
1485 1777
1594 1109
1902 1894
1949 1938
1216 1827
1536 1886
1563 1100
1875 1741
1897 1516
1406 1066
1699 1893
1584 1320
1446 1834
1205 1672
1587 1844
1974 1333
1443 1072
1318 1568
1859 1697
1525 1267
1505 1075
1527 1061
1154 1069
1585 1403
1821 1051
1945 1344
1664 1521
1355 1529
1553 1462
1307 1561
1246 1140
1564 1281
1849 1689
1387 1234
1853 1060
1135 1912
1325 1358
1779 1015
1418 1479
1530 1717
1061 1591
1112 1827
1708 1077
1540 1820
1733 1261
1753 1847
1480 1979
1669 1669
1903 1329
1390 1408
1320 1756
1467 1877
1892 1997
1476 1598
1315 1662
1254 1358
1186 1728
1158 1718
1890 1894
1508 1698
1897 1623
1955 1261
1283 1377
1058 1976
1384 1186
1295 1800
1678 1056
1053 1762
1712 1922
1585 1881
1239 1028
1108 1191
1909 1425
1672 1266
1316 1800
1775 1180
1793 1213
1590 1730
1058 1076
1615 1001
1801 1794
1850 1910
1024 1831
1106 1255
1136 1736
1116 1691
1234 1376
1153 1225
1843 1143
1295 1825
1005 1160
1725 1423
1505 1799
1875 1668
1669 1564
1358 1490
1752 1822
1654 1561
1816 1128
1865 1112
1155 1305
1681 1333
1910 1389
1884 1186
1012 1754
1266 1180
1955 1017
1168 1991
1011 1460
1024 1396
1238 1680
1855 1735
1296 1991
1119 1861
1973 1464
1769 1336
1022 1128
1517 1802
1341 1932
1038 1401
1933 1353
1722 1656
1648 1888
1349 1891
1639 1011
1044 1725
1460 1877
1868 1899
1760 1108
1925 1340
1028 1733
1861 1046
1849 1050
1335 1730
1131 1542
1895 1373
1030 1417
1305 1969
1212 1030
1393 1006
1732 1851
1729 1437
1336 1544
1653 1949
1289 1096
1181 1578
1624 1670
1072 1394
1124 1825
1367 1407
1133 1608
1025 1614
1584 1515
1545 1682
1689 1796
1648 1938
1728 1773
1317 1729
1678 1064
1513 1322
1252 1968
1990 1046
1441 1229
1406 1062
1822 1917
1525 1126
1092 1955
1822 1902
1585 1028
1825 1719
1657 1626
1751 1825
1554 1737
1802 1420
1743 1232
