50000 100
55583 686
87239 483
63055 97
2888 774
16387 658
65608 306
57834 613
18221 618
34816 985
93186 362
33491 800
93603 19
6698 739
16509 668
24352 793
78022 286
99830 261
39121 884
70709 8
1657 95
33665 616
44753 850
31228 973
43467 396
99309 5
14109 800
71804 711
9818 853
85450 678
88872 153
35470 245
38790 299
64857 910
98182 566
36269 191
22660 286
99806 764
94135 386
63089 602
29781 397
6958 889
95196 113
51599 366
89965 400
64043 836
95904 513
78432 694
51163 289
28955 697
78854 224
81887 865
51509 44
1629 643
45429 717
99596 209
43465 553
35449 13
1665 48
76378 981
56799 420
3168 703
56284 600
3748 799
24888 702
89495 741
97925 381
37957 785
85776 585
11428 205
20653 375
22765 118
50280 214
35482 944
61613 859
76277 763
68630 444
3817 266
61043 564
65064 282
40266 558
6022 542
42290 331
20327 65
99915 106
75621 920
75480 738
17389 759
89303 870
94055 915
81080 331
2029 709
66126 846
90974 169
13409 389
29450 26
26946 824
24568 587
12154 246
13652 420
25703 624
