500000 500
55583 686
87239 483
63055 1097
2888 774
16387 1658
65608 1306
57834 1613
18221 1618
34816 1985
93186 1362
33491 800
93603 1019
6698 1739
16509 1668
24352 793
78022 286
99830 1261
39121 884
70709 8
1657 1095
33665 1616
44753 1850
31228 973
43467 396
99309 1005
14109 800
71804 1711
9818 853
85450 678
88872 153
35470 1245
38790 1299
64857 1910
98182 1566
36269 191
22660 286
99806 1764
94135 1386
63089 1602
29781 397
6958 1889
95196 1113
51599 1366
89965 1400
64043 836
95904 1513
78432 694
51163 1289
28955 1697
78854 1224
81887 1865
51509 44
1629 1643
45429 717
99596 1209
43465 553
35449 1013
1665 1048
76378 1981
56799 420
3168 703
56284 1600
3748 1799
24888 702
89495 1741
97925 1381
37957 1785
85776 1585
11428 1205
20653 1375
22765 118
50280 214
35482 1944
61613 1859
76277 763
68630 1444
3817 1266
61043 1564
65064 282
40266 558
6022 542
42290 331
20327 65
99915 106
75621 920
75480 738
17389 1759
89303 870
94055 915
81080 331
2029 1709
66126 1846
90974 1169
13409 389
29450 26
26946 1824
24568 1587
12154 1246
13652 420
25703 1624
81691 1534
20361 1431
59645 15
68300 1699
76929 1379
40381 1310
15440 506
1155 765
50026 915
95154 1828
941 99
64003 1860
7686 508
19457 1689
20927 1159
59664 970
62692 377
34400 336
22391 1052
92386 1672
68430 766
10981 221
55624 135
22986 1649
43049 139
1476 341
56589 1478
2200 626
57985 1656
34666 1264
83166 330
30585 1858
7058 984
84545 1448
84035 931
61471 817
9696 451
69037 1671
937 374
87320 338
42864 1147
20678 1805
70625 1230
12782 961
77237 1448
56576 403
58129 1160
22612 1538
52144 1156
10985 530
84086 808
21346 134
61258 735
91804 547
31460 1475
38884 676
622 1913
6480 1598
15142 1613
48910 731
83060 1486
69133 1540
8997 1744
39077 1492
15251 414
30022 1689
55221 1719
42174 830
90805 329
27728 265
45804 963
29292 777
58876 1771
50374 369
71383 1635
99099 795
37472 583
44686 469
92678 115
23960 1929
66528 333
23617 100
54404 1790
87281 1208
16118 1009
83824 273
97971 1115
41049 1198
65237 1774
63567 972
23409 665
40118 880
47248 803
7348 1925
84917 1660
64205 1796
34344 1821
5895 747
69962 1528
50307 432
24536 130
80704 858
63597 105
12056 1185
45878 1622
98156 1286
54638 273
30166 237
39428 1865
74514 696
17876 718
8492 572
42891 738
57318 1204
40265 1976
31635 1152
74458 691
20010 54
66795 417
83238 672
24038 1746
98310 1027
52370 827
13264 149
98691 1777
48845 919
42846 1336
1490 1736
4425 1159
31292 1042
99135 926
42193 1592
7968 554
27997 762
43322 1586
3786 1359
25331 95
78738 53
46921 1
2201 1963
96129 1045
11233 1326
24732 722
57414 1157
4233 705
6550 1719
67982 1094
9662 1950
43648 1658
67063 969
65243 848
70680 926
72942 1769
978 214
74121 1178
98177 601
70575 1409
41926 1306
38483 1339
40814 715
4395 1363
78785 377
12457 446
48326 456
26103 1388
75776 1697
2588 807
30974 1529
44927 1951
11743 1047
51481 271
5647 55
52031 1573
17360 513
63263 526
49579 1658
38240 363
40034 1048
16808 711
55855 1262
36450 1631
83311 1037
10789 284
14566 1716
46235 660
91114 67
85282 761
36121 1312
60685 1832
27825 1947
44357 1403
7956 597
22118 1989
49644 925
69051 1851
14539 1501
53481 1849
44537 621
12132 1454
52688 718
34465 1802
88784 1746
56914 1256
57058 1598
11088 1234
41544 1796
94988 1500
70744 1105
13840 740
72382 1243
58590 920
4743 70
1120 1631
9042 1603
41085 82
4321 1549
21883 1456
11647 796
50712 704
12745 1799
86289 640
49946 1276
36491 690
98381 331
57429 1114
65925 18
90385 667
44439 1504
36297 1480
37458 1733
31561 130
69282 1795
67586 1280
64942 649
65983 38
12799 271
64678 744
49898 1168
83433 630
67850 861
51743 1774
56878 127
4440 1316
49982 1089
71148 1440
67173 1060
61921 454
5207 1858
50085 500
80506 67
80538 1304
84689 1215
72400 587
46382 1832
99216 584
13045 1311
64357 274
9437 1149
3942 1771
42237 1089
79562 1409
10500 1482
62215 58
87340 651
18558 197
44718 1095
93853 1758
60661 252
96696 1394
38435 264
53977 1479
79574 334
54105 1362
3482 46
97484 70
49486 1045
87830 337
34879 396
8395 570
95047 952
22766 116
42398 970
18225 1410
99221 921
42803 1656
43536 780
5486 1461
31465 1942
44822 1298
33987 658
29719 1824
52054 1548
76161 932
296 555
41853 1694
27858 971
84161 607
13940 385
6016 1161
33657 1170
67168 1192
61949 1005
16652 1765
64947 1826
61062 1285
52835 780
15109 888
24680 1621
8172 975
8527 24
53020 384
30994 1180
39342 1286
39564 1709
74446 1221
26878 1965
66764 1179
46969 1768
14943 267
93945 5
43552 779
83136 1012
51666 1815
82632 1837
49141 1158
26213 160
43893 1558
55691 1586
34843 1255
61294 1640
84827 171
83604 1942
93349 925
67709 644
91543 5
17000 1446
24783 135
26457 801
24302 1440
68989 1442
16597 1201
91954 841
85111 1644
76426 305
59250 1719
61945 428
42242 1900
28370 1590
25176 430
60233 719
90435 1232
68164 1569
93719 973
24369 20
36412 1358
7813 1009
4910 118
46201 372
63762 627
42677 1363
76697 621
99791 938
82872 512
70880 48
56941 1464
41118 1727
41048 1281
95296 766
36605 16
69137 1017
45725 1301
42377 987
9419 577
73358 1180
27555 34
28894 604
37006 1036
39541 230
89547 772
44277 840
74236 1746
42918 1635
27378 565
82752 1983
90581 1888
36999 305
45188 1375
19643 606
67951 1001
44137 1858
25386 1383
32461 744
34418 353
14973 317
15125 1601
3156 1712
77346 73
37346 723
638 449
68705 1570
