5000000 1000
55583 686
87239 6483
63055 9097
2888 8774
16387 1658
65608 1306
57834 7613
18221 5618
34816 9985
93186 5362
33491 8800
93603 7019
6698 7739
16509 7668
24352 2793
78022 6286
99830 5261
39121 2884
70709 2008
1657 7095
33665 3616
44753 7850
31228 2973
43467 2396
99309 3005
14109 2800
71804 7711
9818 4853
85450 2678
88872 6153
35470 3245
38790 5299
64857 7910
98182 5566
36269 6191
22660 6286
99806 3764
94135 7386
63089 7602
29781 2397
6958 3889
95196 5113
51599 1366
89965 3400
64043 8836
95904 9513
78432 4694
51163 3289
28955 5697
78854 5224
81887 7865
51509 8044
1629 5643
45429 4717
99596 5209
43465 6553
35449 5013
1665 7048
76378 7981
56799 420
3168 2703
56284 1600
3748 3799
24888 2702
89495 3741
97925 1381
37957 5785
85776 9585
11428 1205
20653 7375
22765 4118
50280 8214
35482 1944
61613 1859
76277 4763
68630 9444
3817 1266
61043 7564
65064 2282
40266 4558
6022 4542
42290 331
20327 8065
99915 8106
75621 6920
75480 4738
17389 5759
89303 2870
94055 915
81080 331
2029 9709
66126 5846
90974 7169
13409 2389
29450 26
26946 1824
24568 5587
12154 1246
13652 8420
25703 5624
81691 7534
20361 5431
59645 6015
68300 3699
76929 9379
40381 5310
15440 6506
1155 2765
50026 915
95154 5828
941 2099
64003 1860
7686 2508
19457 7689
20927 5159
59664 8970
62692 6377
34400 2336
22391 9052
92386 5672
68430 2766
10981 221
55624 2135
22986 5649
43049 8139
1476 341
56589 5478
2200 626
57985 1656
34666 5264
83166 4330
30585 5858
7058 4984
84545 9448
84035 6931
61471 8817
9696 2451
69037 1671
937 8374
87320 338
42864 5147
20678 5805
70625 9230
12782 4961
77237 7448
56576 403
58129 7160
22612 1538
52144 7156
10985 2530
84086 8808
21346 134
61258 6735
91804 8547
31460 5475
38884 676
622 5913
6480 7598
15142 5613
48910 8731
83060 5486
69133 7540
8997 1744
39077 7492
15251 6414
30022 5689
55221 7719
42174 2830
90805 329
27728 2265
45804 2963
29292 2777
58876 5771
50374 369
71383 5635
99099 795
37472 4583
44686 6469
92678 115
23960 7929
66528 333
23617 8100
54404 5790
87281 5208
16118 5009
83824 8273
97971 3115
41049 3198
65237 7774
63567 2972
23409 2665
40118 880
47248 4803
7348 9925
84917 7660
64205 7796
34344 7821
5895 8747
69962 9528
50307 2432
24536 4130
80704 8858
63597 8105
12056 5185
45878 5622
98156 9286
54638 8273
30166 8237
39428 3865
74514 696
17876 8718
8492 8572
42891 738
57318 9204
40265 3976
31635 1152
74458 8691
20010 8054
66795 8417
83238 2672
24038 7746
98310 5027
52370 4827
13264 8149
98691 7777
48845 2919
42846 7336
1490 5736
4425 5159
31292 1042
99135 2926
42193 3592
7968 8554
27997 4762
43322 7586
3786 7359
25331 2095
78738 4053
46921 2001
2201 1963
96129 1045
11233 5326
24732 2722
57414 9157
4233 8705
6550 9719
67982 5094
9662 5950
43648 7658
67063 6969
65243 848
70680 6926
72942 5769
978 6214
74121 3178
98177 6601
70575 9409
41926 5306
38483 9339
40814 2715
4395 7363
78785 2377
12457 8446
48326 2456
26103 5388
75776 7697
2588 2807
30974 5529
44927 1951
11743 9047
51481 6271
5647 2055
52031 7573
17360 513
63263 4526
49579 7658
38240 8363
40034 7048
16808 4711
55855 9262
36450 1631
83311 9037
10789 4284
14566 5716
46235 2660
91114 4067
85282 6761
36121 7312
60685 9832
27825 3947
44357 7403
7956 2597
22118 7989
49644 8925
69051 1851
14539 5501
53481 7849
44537 621
12132 5454
52688 4718
34465 3802
88784 9746
56914 1256
57058 7598
11088 1234
41544 1796
94988 9500
70744 7105
13840 6740
72382 9243
58590 6920
4743 2070
1120 5631
9042 9603
41085 8082
4321 5549
21883 9456
11647 8796
50712 8704
12745 1799
86289 640
49946 1276
36491 690
98381 331
57429 7114
65925 6018
90385 667
44439 1504
36297 3480
37458 3733
31561 8130
69282 9795
67586 7280
64942 4649
65983 4038
12799 2271
64678 2744
49898 1168
83433 4630
67850 861
51743 3774
56878 2127
4440 1316
49982 7089
71148 7440
67173 9060
61921 6454
5207 5858
50085 6500
80506 6067
80538 3304
84689 5215
72400 4587
46382 5832
99216 584
13045 7311
64357 6274
9437 5149
3942 5771
42237 5089
79562 9409
10500 1482
62215 2058
87340 8651
18558 4197
44718 9095
93853 5758
60661 6252
96696 3394
38435 2264
53977 1479
79574 8334
54105 5362
3482 8046
97484 2070
49486 7045
87830 6337
34879 6396
8395 8570
95047 6952
22766 6116
42398 2970
18225 9410
99221 4921
42803 7656
43536 6780
5486 9461
31465 5942
44822 1298
33987 8658
29719 9824
52054 7548
76161 6932
296 4555
41853 1694
27858 971
84161 6607
13940 2385
6016 3161
33657 5170
67168 7192
61949 9005
16652 9765
64947 7826
61062 5285
52835 780
15109 4888
24680 7621
8172 4975
8527 24
53020 6384
30994 7180
39342 1286
39564 1709
74446 3221
26878 7965
66764 5179
46969 9768
14943 8267
93945 6005
43552 6779
83136 5012
51666 7815
82632 9837
49141 1158
26213 2160
43893 3558
55691 9586
34843 5255
61294 5640
84827 8171
83604 7942
93349 6925
67709 4644
91543 8005
17000 1446
24783 135
26457 2801
24302 5440
68989 3442
16597 5201
91954 6841
85111 7644
76426 6305
59250 7719
61945 428
42242 1900
28370 5590
25176 2430
60233 6719
90435 7232
68164 1569
93719 973
24369 8020
36412 3358
7813 3009
4910 6118
46201 6372
63762 2627
42677 9363
76697 4621
99791 8938
82872 4512
70880 8048
56941 7464
41118 3727
41048 9281
95296 4766
36605 6016
69137 3017
45725 3301
42377 6987
9419 8577
73358 3180
27555 6034
28894 604
37006 5036
39541 6230
89547 6772
44277 2840
74236 1746
42918 1635
27378 4565
82752 3983
90581 1888
36999 6305
45188 9375
19643 4606
67951 3001
44137 1858
25386 9383
32461 8744
34418 8353
14973 317
15125 5601
3156 5712
77346 6073
37346 4723
638 6449
68705 7570
88336 5703
60226 9875
85077 9869
20833 9380
89221 1321
81237 4606
87055 49
9701 1473
18401 4673
61789 3525
273 1296
39236 7618
43720 2933
82341 4357
29381 1045
68278 4068
73100 8504
295 4528
24724 7479
60259 3944
18799 7847
44901 5854
87895 4602
43678 6296
79274 1818
39820 5899
3113 5408
73516 6832
4692 2208
7541 425
39605 5818
844 2704
20673 1138
3583 5396
38616 3842
75691 3767
21688 592
95972 9583
91545 6001
15878 7170
77818 2049
83068 930
83808 6584
27761 8500
45143 1653
38924 4747
27471 6119
97450 8143
57257 7385
9891 2224
81226 1933
2342 2913
38876 4665
12495 420
70665 4724
17590 8482
16773 7009
45763 6932
89944 9876
5431 5087
41528 706
19833 8998
16825 3635
33493 433
51019 9735
19008 8596
61667 1350
51508 543
36014 355
47314 3031
41430 1255
71512 4554
98264 7275
91486 4559
7150 6916
39645 5029
73974 5830
34027 7150
25816 3871
97582 3186
59957 6589
41781 1623
37938 3288
38517 304
89994 2183
13334 1424
83437 1197
5977 8052
34823 3814
2611 8324
10730 8607
23353 1055
34436 7379
8204 251
57601 5785
53436 7557
38725 1568
55531 6663
21208 4048
83318 1201
12582 3003
58976 2370
14199 1305
10422 9022
95118 9384
7345 2199
87990 697
23253 8778
4427 7808
15380 2027
53592 5168
95935 2317
96735 1466
85331 7942
61865 5000
45495 4446
98002 4470
86815 2200
2126 3588
77573 7244
59323 4918
35794 7313
31966 9047
2442 2745
6854 7821
31123 6798
2988 7058
85466 6075
94875 7148
50368 6739
72147 5862
47536 148
16684 702
98699 8809
80642 6272
32404 9964
77541 8198
87276 5858
43596 6069
78602 6801
23890 9725
59950 3229
36782 5415
75655 1656
32562 6023
4746 4708
38236 2281
91207 1271
19334 9906
90080 9975
82529 8835
39939 69
23384 3566
2278 3331
49635 880
66484 9876
90604 6433
49456 3737
88200 5111
75392 761
67485 6489
41821 5720
48769 9379
76991 4454
39284 3422
84429 8164
38608 4367
14584 1992
84284 6862
61674 3918
97741 8157
23793 4696
70942 3249
48432 9141
14711 175
79901 2195
36663 8073
87914 1783
87452 1256
86236 3087
64677 7016
81251 3285
11382 5834
81628 5666
29047 9653
45935 3139
87810 6080
47834 8751
75680 2617
34243 390
52791 4143
72584 5805
68568 6849
23939 6019
58105 6527
15457 9133
13542 3059
58769 1276
25245 396
53293 4291
49 9227
97430 4210
85306 1615
79312 985
74232 3554
67726 7022
44048 6661
49179 2615
33510 3117
84985 7966
99643 6794
63450 3185
29852 2219
54460 5096
78966 4104
9387 9014
23330 3168
99575 4988
84782 8886
2324 9013
8791 50
2387 2839
43062 1565
81805 2923
24681 3142
888 676
99935 4338
70212 9786
2908 1023
84882 1873
65126 620
77239 8455
33787 6813
29794 4920
72051 2118
93933 7193
18519 6319
50031 1580
64235 8188
54503 5267
31329 1742
45942 1263
52431 6153
61048 5338
57175 2281
37211 2300
72900 4449
27107 3038
7613 6900
57958 6015
5369 1890
93208 3887
64560 9590
1819 5146
7777 6321
50412 9105
28062 6354
86719 6845
28858 7767
52182 2385
26399 5744
41036 9299
36544 8142
22336 509
41394 6645
56523 6762
64886 6082
87001 9445
42024 8819
74590 9800
61491 5002
5257 5904
37707 8327
2748 2916
72445 4930
85300 8844
77025 6336
98142 3569
10829 6829
74077 8574
49826 6951
31688 4711
13033 8688
44156 5056
23858 5097
21207 5348
76450 2815
91251 508
51142 3999
13424 3586
65280 5075
22429 2304
41410 6922
72224 8591
90103 6300
37164 9928
93251 8851
54638 2635
3890 5145
94042 7747
66594 1600
13094 9395
74415 4345
89903 1908
14695 9678
65493 6326
34752 4274
38629 2514
57547 7205
61104 4001
73504 4619
20280 3106
83470 4918
22092 7359
6414 2485
15106 9359
64085 4551
48754 4851
65247 5008
96758 9941
74685 8602
76266 5788
82875 1247
34653 6774
58451 5756
20774 8306
26727 1054
47764 196
32323 9855
13906 5088
18692 5363
60799 2776
89914 9552
37626 5160
80911 4383
51453 1947
29336 4070
97734 8563
91668 8739
85336 118
44494 2461
14776 7572
79866 2539
14119 8540
48745 8025
83628 7436
89739 4426
66563 6004
70329 4188
67516 1239
54922 8968
39537 4258
63037 3622
12820 1057
2360 4507
21174 3206
36967 2301
50777 3185
31191 4896
61724 9936
92920 1703
63723 9010
22480 6638
95014 2808
50825 2529
60398 2099
81496 9934
22708 884
69908 5527
31940 2267
66385 9466
35472 3351
38118 6249
52887 9309
51144 4611
65596 415
76313 9318
59424 8793
75955 4437
7952 3132
16965 4702
81582 4812
987 4289
92048 894
56167 339
43161 2551
26156 8632
42253 4274
81232 5140
33582 2375
9750 9177
92789 2414
44846 8565
17558 7153
39353 5510
80284 6318
26563 8217
87481 7549
82505 5880
98443 5023
36219 7955
77573 2374
52938 6177
26647 4170
31316 6580
82896 7417
75756 2037
59831 6954
60601 7388
74106 9953
19249 741
72622 5811
48957 6455
73360 7813
72334 8154
2835 8552
62460 6759
87278 5397
32935 276
49566 4251
6856 2462
38019 8963
24498 4201
35916 1450
7941 21
1402 7189
80761 376
89352 6069
66830 9063
93881 9163
83568 6715
64067 6027
93473 7696
61423 6408
97971 7341
7010 1178
76154 1380
20141 7003
75581 2408
34804 3521
82429 2557
27061 9541
42932 6412
25610 6113
11826 5842
81628 5393
32557 2046
41419 2381
29741 9194
85140 4063
62886 2149
65241 5391
53529 1733
88745 5461
74140 3548
45333 2920
76104 2393
52461 5388
5157 4422
61500 6982
30263 9479
28727 9171
21524 6497
21552 1264
5690 6691
95327 4927
15192 6919
56669 5072
78651 5413
46884 2790
68960 2216
42062 1416
64608 874
96803 9764
5295 4654
3098 1909
34133 1824
47432 2008
18320 5335
23272 362
92025 4950
41640 3568
11868 8309
24991 518
43721 1874
59659 9033
64089 1720
90448 8697
12593 3602
14812 4239
94607 4261
2500 5091
66084 9931
17099 756
35265 370
57469 3641
91671 9108
83561 3538
97416 8551
10407 1137
