500000 1000
1073 984
1029 1082
1082 953
1046 971
1065 1093
951 978
918 1078
1025 1054
1031 1014
970 977
984 970
1035 1060
1099 964
1090 984
1090 1013
1097 1033
967 1063
917 1027
1098 949
1094 1015
1094 1063
1041 946
1052 1064
931 918
995 983
1005 1001
961 1032
1048 1092
977 912
1025 1038
924 967
1083 1023
902 991
993 1052
967 900
1015 939
985 913
1030 956
926 1089
924 1013
914 1021
905 1029
1022 927
1092 1053
992 1051
1070 1017
1092 1016
1059 1053
957 1094
1046 952
992 1025
990 961
969 1029
1019 920
1033 995
1069 1043
925 999
979 1074
1028 999
902 971
1040 920
988 1072
978 985
931 947
1000 1035
912 1078
939 1044
925 1003
975 961
1056 1044
940 1061
912 1025
1000 917
1016 991
1014 928
900 1018
942 907
992 988
1035 1020
956 1023
953 1087
1031 920
1023 945
1006 1057
953 1051
1012 962
1088 945
962 1024
1068 940
968 1078
948 934
941 968
1008 991
911 985
1061 943
931 919
940 914
959 1014
923 1015
966 1017
1080 977
1022 1078
955 1020
1060 1037
967 923
957 1080
900 1016
907 951
1036 1008
1003 1070
1090 949
964 1034
949 1082
997 975
1093 924
1001 1064
1042 1025
1097 1076
1013 1097
1072 1009
989 1080
948 1082
933 941
1001 955
1078 1021
1023 904
1039 1068
1050 1039
914 1040
1064 947
911 1059
936 918
1046 1006
955 933
1042 911
1043 928
1062 1083
1076 1092
1099 1047
920 977
982 1077
1045 1043
982 1073
965 947
947 949
1060 929
1099 910
1016 1097
1082 1045
1056 1024
1004 977
960 952
944 966
913 937
966 943
1073 1085
1029 1048
973 970
1018 1063
912 1038
1020 1065
1027 1025
974 1019
917 1096
1020 956
1033 1025
1077 924
942 1046
1035 1073
1069 907
1092 901
1002 1042
912 973
937 1075
1014 1030
947 901
978 1086
957 1027
1023 1052
909 974
1052 1095
1071 1042
940 981
955 913
1072 1075
1077 924
1018 1064
1090 931
906 1030
913 1079
1080 972
910 912
1039 911
1063 968
994 914
909 1072
967 946
980 1080
1093 1007
935 1035
1011 1017
934 1064
1095 929
1011 924
903 901
926 1024
1037 1035
1046 936
956 928
943 1010
934 1051
1049 952
933 953
1061 929
1064 1078
948 1048
1012 927
908 982
1006 1007
960 1020
944 1009
1096 986
975 1033
1014 1043
905 1031
934 1057
1061 939
993 1084
913 1046
977 906
1054 1030
1057 1025
907 966
1025 1066
986 1013
1074 1085
924 982
916 1070
965 951
1082 1030
939 922
914 1069
1053 900
1047 959
917 1066
996 924
1001 1071
1089 954
1072 1008
1073 1014
951 958
992 1047
969 975
1026 960
1042 987
1009 961
930 1081
1034 975
1034 1035
1001 933
909 1051
974 1050
1056 1010
918 963
1029 1028
1038 1091
990 1081
908 930
943 1011
1050 987
1000 1085
1019 960
1035 982
917 953
986 922
1073 970
920 995
1057 948
963 1028
908 1075
1018 1093
1026 1046
1029 1060
923 986
1073 1072
1009 1074
1086 973
1007 928
981 973
995 1024
1095 1019
914 969
1017 1067
948 1023
998 1032
1025 956
1055 1068
980 903
990 936
1060 1004
930 915
941 969
998 916
989 1048
973 1031
951 1085
906 920
1039 917
1041 975
907 1087
1096 1091
1012 985
988 1051
1039 1092
948 1030
1046 999
1068 978
994 1087
1035 918
1050 1036
973 1060
1032 1053
1022 979
1054 972
911 963
907 1013
1098 907
1010 1019
963 987
917 949
1048 964
1042 1015
1002 969
939 1089
1025 1090
1050 1041
994 1098
929 983
1007 917
932 1035
948 1018
978 1091
962 947
986 1040
1042 978
1042 955
1071 942
1011 936
1077 925
915 1051
992 1002
952 1018
1053 1039
1008 933
1068 960
1030 992
984 917
964 1060
1001 998
1076 1050
1057 1095
937 970
1007 1028
1006 1001
904 984
1039 973
1091 948
1087 1043
1077 1044
1056 947
1040 1045
1014 987
947 1076
974 1078
980 1000
995 903
973 938
1018 985
1086 1032
1069 924
998 1090
938 960
903 941
1038 926
973 1032
930 994
1081 1065
1041 1044
975 1081
933 1068
1071 1055
1045 981
1066 1096
1029 916
1092 1052
1042 998
1010 942
984 1032
1010 1013
1098 922
968 1084
1001 928
1072 902
1083 943
911 947
1055 1068
949 1034
1030 1000
968 915
1019 911
961 961
1003 913
1046 1071
985 1039
1013 956
1092 983
963 1082
1084 994
989 935
935 1019
939 952
1086 1090
942 989
956 968
980 1011
1024 1028
1041 1041
1013 1079
1019 939
948 1050
1085 1084
1018 940
986 948
935 1002
1073 1075
927 970
912 913
954 1065
934 955
1018 962
1090 1014
907 942
921 984
975 1020
922 992
977 1023
1064 907
907 1095
950 902
1078 943
965 1075
1040 1057
975 978
1033 1094
909 1009
1075 903
945 1051
1087 1082
955 918
963 963
1086 977
937 992
987 1002
1005 944
939 989
917 935
1044 1005
1035 1057
1004 919
980 920
923 1013
964 955
938 920
938 904
967 945
1022 1001
1093 905
960 1011
1056 933
974 1017
1004 1047
952 991
949 948
920 1039
1059 1005
918 1000
1056 1082
902 934
938 1046
1091 1093
994 957
915 965
1029 940
925 975
1092 985
1084 951
1043 948
996 1089
1028 1044
949 968
1069 988
970 919
905 977
1075 925
918 1096
953 1018
1035 1012
1004 920
995 964
1001 981
1033 939
987 986
975 928
1072 1036
1056 1055
943 1073
1044 977
1054 966
991 1049
997 981
1099 1009
1073 1003
1023 987
1051 930
1011 1071
910 953
991 944
972 950
1038 1018
973 1096
1021 946
1024 969
1035 965
1067 930
1012 1078
987 964
1067 963
1050 912
942 943
914 1002
1007 1054
1050 1076
1078 1098
1016 1075
1071 968
1015 1041
910 993
1010 939
969 1045
1023 977
994 1081
945 1062
1027 961
956 1047
949 1069
975 970
947 1056
1006 1078
1053 925
994 1074
1016 1024
1069 1061
900 1026
924 980
1009 969
903 1047
962 903
917 900
1047 1089
1010 973
1044 1049
957 1038
1016 1043
1020 1064
1038 969
1045 1066
1027 906
1033 967
1047 1027
1049 1057
956 956
912 1004
956 1018
959 929
954 1055
1004 1070
960 1098
993 1014
930 1076
1097 914
1080 1020
1027 1042
909 960
1039 960
917 1008
1017 988
1044 973
1044 1029
1010 900
1008 1055
977 1064
1015 912
978 1037
1013 908
1074 1008
929 1010
905 1055
1067 1056
1068 914
975 1006
1047 1037
1062 1092
1021 991
944 1006
914 931
1047 1052
1016 991
929 962
971 1095
1003 1042
905 945
1052 984
1092 910
1076 1019
1078 1060
997 903
1095 1025
916 960
1018 968
951 912
1064 1032
924 1099
961 933
928 905
999 984
982 983
1068 1004
966 1086
1006 1060
973 1095
1098 936
1061 1070
1082 1094
914 1029
1042 1001
933 966
917 958
991 909
914 978
1015 1019
903 1014
1070 1097
1083 1023
935 937
932 941
977 1008
979 1082
1028 938
1068 913
1014 1043
909 962
1020 1000
961 926
956 912
983 976
1042 1023
1020 938
1061 964
1001 956
997 1097
957 985
968 1027
1065 988
1002 1048
991 985
1047 916
968 952
930 968
932 1030
1058 987
910 1015
1054 952
1016 983
1039 967
916 918
955 1088
1015 974
1014 975
924 933
1018 916
1085 1015
1020 918
938 953
1035 1050
1089 970
1037 993
1045 1052
935 991
1011 962
932 1026
1014 1027
1053 987
1015 1082
915 968
984 991
1058 985
1003 969
975 978
929 1041
1063 910
956 918
1022 1001
1044 1053
915 1009
935 955
1035 1099
939 1002
984 988
1056 1054
945 999
1084 941
962 903
934 940
1033 989
952 915
1085 949
1050 960
913 1008
917 946
954 1081
1080 953
1007 1089
929 919
1073 1091
942 1086
1079 1070
1026 1078
918 1093
983 1012
1027 1004
1053 987
1047 1012
920 955
1001 1012
993 938
943 1007
948 974
993 1050
993 978
964 919
1041 987
965 1095
1088 967
1079 936
1040 923
1010 958
1071 993
1048 909
1022 1091
1081 901
1009 915
941 1076
1026 1057
1087 1035
1006 1071
958 951
946 947
967 976
1012 1087
910 1098
957 952
997 1021
982 928
1071 945
946 1056
1024 1053
1029 1007
917 1065
952 908
1031 904
908 1058
1058 1042
918 954
941 925
1075 982
1034 904
977 1084
1064 931
928 1059
1016 1036
941 974
1034 940
1057 1022
982 1051
1055 910
1068 914
1008 1063
1070 978
1003 1026
908 1063
1067 931
915 994
977 944
1056 1080
968 1005
1031 972
964 1009
931 965
916 921
931 966
980 1024
987 1052
930 1040
966 909
1073 986
969 926
972 992
1037 984
916 1049
954 945
969 984
1093 1037
903 1033
1006 1077
943 1071
995 990
1094 975
915 1035
1044 1076
962 933
911 969
1062 983
1020 983
932 951
996 1036
921 938
1027 1065
950 1066
995 1030
954 1008
1098 990
1017 1049
936 1092
1021 984
1017 1081
902 1035
919 980
1063 1064
1067 1039
975 1047
1037 963
1080 948
1067 965
1047 1082
991 914
1005 901
1003 941
1086 1074
959 1039
972 1007
942 1028
909 975
939 961
1052 1024
972 1059
1074 928
928 909
926 1007
989 1047
1062 1074
1075 1032
1074 919
1093 978
918 1012
1071 904
1033 990
1065 913
927 1042
918 1057
1016 1079
1059 990
952 942
1049 1088
1035 930
904 939
1023 949
968 1032
910 949
1061 914
918 1080
923 1032
998 1051
945 1040
949 977
956 964
1006 1017
1060 916
1056 1010
1041 1009
1000 943
993 1045
929 924
973 1013
1027 940
1072 1087
1019 1046
949 1095
988 1069
946 947
963 1037
955 955
971 1021
932 1067
976 1079
1074 1025
922 1077
1053 967
1033 952
944 926
1065 960
1058 916
1064 937
906 1060
1059 952
1041 905
960 922
1043 1048
1015 983
962 1027
952 1044
1021 936
956 975
1027 926
904 1089
901 1071
1039 1070
907 1060
972 1003
1007 1065
1070 931
905 949
1097 930
1013 1048
928 965
909 1027
1016 980
1007 982
1008 1024
1013 934
1057 964
934 966
1078 997
1052 1093
1059 950
981 960
961 981
1012 986
1087 910
975 1077
1005 1067
947 936
1018 1073
997 1055
1041 1078
943 910
976 951
1048 977
923 955
957 952
964 1082
963 991
1029 1025
988 1027
1005 968
935 1015
1052 1062
1035 983
1090 970
949 932
1094 983
1034 992
1021 922
929 934
987 1044
978 939
1030 1051
929 994
921 959
1028 1017
1084 978
1092 1063
1098 1036
1059 1027
1011 1040
1076 908
952 957
932 1010
997 1025
970 961
1000 1036
