500000 1000
1086 1046
1042 1071
1000 941
1089 1060
1079 962
946 1067
1088 1016
973 971
1012 1002
926 956
1063 958
1001 1068
1065 1023
1059 975
1035 1053
951 1043
966 1021
1015 1093
1054 1067
929 1004
971 985
1054 975
998 911
1014 927
983 911
969 1040
1008 1098
974 1023
1098 974
1079 933
1028 986
907 1082
1075 1095
1062 1022
1078 981
1067 1043
1071 949
961 1021
1000 969
932 1075
967 1036
986 954
1077 1028
1054 1060
1045 1027
1065 985
967 974
969 1073
947 942
976 1083
1026 926
927 1095
968 997
1019 988
915 1020
956 1003
1009 935
1063 1043
955 938
1018 969
1054 901
975 983
956 921
915 996
979 956
934 991
938 905
955 961
1002 1006
927 1026
1081 969
1004 935
1030 991
981 919
988 1086
1087 1099
983 1094
915 962
1010 991
1047 931
974 1089
1046 1081
1095 1013
1071 1053
979 997
1018 1098
1086 913
956 923
1094 1016
1002 1037
1037 983
977 989
1003 1072
963 945
928 913
1054 1063
996 1002
1067 1001
954 991
1040 1039
989 986
999 959
934 975
1092 1007
944 928
963 946
988 1033
957 993
1038 1043
1057 1021
936 1066
920 963
1064 1032
1076 1088
979 919
957 1016
1027 1068
1096 1008
915 1061
1042 1040
1038 911
997 905
998 926
1070 1054
927 936
1054 979
1042 963
1096 1027
1015 1007
978 1072
940 1046
966 987
1095 1020
981 962
1054 1062
1073 1075
1081 993
1019 970
925 979
968 989
1020 952
1016 1074
1001 963
1022 964
1088 1068
1014 1052
939 1080
1000 1081
1095 1086
1048 1034
1009 1050
943 1021
1044 990
1022 1014
1056 1021
1073 1042
1016 976
991 941
957 918
1038 913
1017 945
1078 953
1086 1008
994 978
912 1081
1031 942
1016 974
1016 1026
941 912
1033 1090
1032 1097
925 1006
1000 949
919 1017
1030 1057
1055 1057
1062 900
1008 1033
1063 1048
1030 903
1097 1028
902 913
992 965
977 1018
961 1033
982 910
969 1093
1094 1007
924 1069
978 913
1023 1007
1007 933
1018 937
1086 915
1070 982
910 968
933 1068
933 1064
934 1025
910 1011
973 995
989 992
1052 1042
1011 983
949 1076
935 1090
1075 1024
1061 1042
1010 946
980 999
1019 980
900 990
906 1005
930 1086
949 940
1036 1093
937 1022
965 1077
912 1089
1018 1028
1018 961
1037 1053
948 946
944 951
1002 1058
1090 1024
1066 922
1027 1043
1029 1072
912 1009
954 1078
1000 1000
977 992
933 1017
946 990
1003 1051
957 1016
1062 1093
944 1005
915 1058
982 1046
1020 905
1048 948
920 1099
961 929
907 1085
985 1015
907 960
1077 1015
1057 941
1044 923
1040 912
905 901
1006 954
913 949
1048 1021
979 995
996 920
920 1079
1061 968
953 981
1048 1068
1080 991
906 1056
1049 1058
1033 1015
1027 945
947 925
980 1033
1034 1005
1079 945
992 934
955 958
1089 1088
957 927
960 1002
971 1010
1053 908
1016 903
1013 1011
926 917
963 947
972 1054
939 1010
915 1004
1049 1025
1012 1094
904 1094
1082 1067
1046 1046
948 939
1002 906
914 971
975 955
1067 983
1000 1088
1087 1045
951 1063
925 912
968 990
1068 1093
1039 918
912 980
1099 1044
942 1046
1038 1045
1003 990
1014 940
947 969
1052 1089
1029 1066
1012 905
1020 969
981 1063
906 1046
991 1049
1019 1026
906 930
1026 983
1082 1057
954 1068
911 1020
1060 1057
926 1025
966 1059
1026 1031
1036 1047
916 1090
1005 956
1054 949
1051 963
1089 945
928 970
1006 1047
956 1054
1023 988
1060 1010
967 1034
959 1020
931 946
1077 977
924 1057
1047 1013
1021 1093
942 905
968 928
925 1093
916 958
1057 953
908 974
1062 914
1024 1031
917 1022
1094 1044
1090 928
1005 925
1035 1067
932 981
974 934
939 1005
1033 1017
1010 960
1018 1059
1064 978
1052 927
1093 1072
955 966
1040 1018
914 972
1000 1034
1012 904
1023 1057
939 1099
933 1055
960 1013
1082 925
985 1046
957 993
1023 1055
1082 921
1046 976
1042 1028
1098 901
926 983
1069 912
916 978
936 933
932 1039
946 975
1040 918
943 958
904 1023
1068 1028
935 913
1087 991
1067 1069
997 985
938 962
997 995
1007 964
1043 918
952 975
1066 1079
906 936
954 912
971 1046
969 997
1077 927
1093 1089
981 1064
1034 1080
917 900
914 1083
979 955
1020 1011
1030 1038
1066 915
1094 1034
1070 1032
1045 1052
950 925
974 916
1095 972
961 904
1068 1088
1020 1042
995 954
938 1037
1093 1009
1073 969
1059 965
980 955
1089 1025
958 926
1078 1011
988 903
1071 1080
952 1063
1019 1018
1007 1014
908 939
946 927
1017 1003
913 984
1005 1010
1027 1086
1093 964
1090 907
933 1082
993 948
903 1063
1043 1082
997 1026
944 1096
962 1068
907 1003
983 970
1074 953
989 900
962 1039
977 1094
959 1089
1048 970
904 901
901 1033
996 997
931 1056
982 1091
1039 980
948 978
1082 901
924 908
913 965
917 1050
989 1003
949 931
920 1066
1088 960
961 1020
953 1092
941 962
1070 1001
992 973
1005 952
983 1084
1037 1006
1014 965
982 1061
1011 1027
1082 999
1030 900
1018 932
944 1002
1074 1006
950 1006
1020 927
1028 992
1017 991
995 1072
1056 922
1028 1078
1095 946
907 1094
974 977
1028 1019
971 956
940 910
964 1042
900 985
1043 938
917 951
1043 915
1006 1045
970 960
934 1054
1032 1078
924 1063
1057 1028
1057 932
1003 1083
940 986
948 1074
968 932
1017 1013
1003 969
1020 912
928 1021
918 915
975 986
940 988
919 961
924 1025
953 943
927 1034
1017 1062
900 982
909 1009
1042 949
1014 977
1046 911
924 1069
990 918
933 904
990 1009
1049 960
1022 1031
956 1068
1064 1046
932 961
1075 1043
926 1002
1063 1076
1077 935
964 1005
969 943
912 911
929 945
949 955
1064 915
975 1039
922 965
1086 1097
996 930
943 1050
945 980
1082 1071
1047 923
958 1046
903 976
971 975
986 924
969 983
1038 967
982 1018
910 954
1020 1058
1007 1084
1067 958
1060 903
984 1062
1033 905
929 918
1016 932
1008 939
1014 972
996 1079
915 1052
920 1066
936 1005
1012 954
1064 1098
1083 932
942 972
927 1002
964 902
1059 963
982 1098
1082 1088
1080 1050
922 991
922 946
1099 1019
985 1089
995 1071
925 1021
972 907
1091 1042
914 955
1009 1085
1087 1093
957 1073
1023 1046
987 1039
989 1006
1049 967
1013 1012
1083 1023
1013 964
935 968
1041 1060
1019 913
1007 913
920 962
947 1021
966 1029
955 934
1032 1023
962 1030
936 919
938 1004
1068 1037
961 1004
1068 1051
1071 1026
986 1056
1021 964
930 1057
919 928
1001 950
1032 966
1000 1067
991 1039
969 932
904 1005
1061 958
1047 942
1046 1029
932 908
986 967
923 903
968 1072
1029 1044
1024 998
1000 1048
1066 925
1044 1084
975 966
951 935
993 1045
1055 955
949 954
1036 1002
963 1096
963 1068
1072 1049
974 938
1034 1092
942 1055
956 958
935 994
931 922
941 1031
1067 1006
903 944
951 912
966 1058
913 1000
948 902
1023 928
1029 963
1001 947
939 903
1059 1087
1097 933
979 1067
1089 1084
1016 1010
917 930
974 983
947 920
1031 1025
1078 1013
968 996
1024 926
990 1091
938 953
909 1043
983 929
914 1020
987 980
965 993
904 928
959 1081
916 921
1093 985
1063 963
1028 1024
1072 1041
1067 1048
991 996
1002 909
1005 981
1010 963
1083 1088
920 976
1070 922
950 985
918 1074
1047 961
1047 934
949 1040
917 962
903 1030
930 1089
938 1022
984 1022
903 992
1055 1089
1029 966
1042 990
964 1049
1087 964
938 1014
1028 905
1092 1037
978 975
989 1093
1023 947
936 992
1066 1054
928 926
1018 950
1091 1083
901 925
967 1020
922 1044
1060 1031
1098 1061
1066 1051
988 1026
1053 1010
1004 1018
1065 942
986 1079
985 1054
1080 952
1003 965
949 951
976 946
1019 950
1046 1044
927 1041
954 1007
958 925
1003 1072
983 998
917 956
998 1039
970 1034
988 1036
1089 1008
1073 921
972 944
990 922
925 1048
944 909
1002 1023
930 972
949 1056
1029 940
991 1053
909 1064
955 960
1094 960
1096 1025
933 935
956 1037
1081 907
1081 1028
928 972
933 1058
982 973
997 988
944 964
957 1046
999 1025
941 1048
908 961
1021 996
922 902
1089 969
907 907
1066 945
1073 1040
1064 1000
958 1054
927 1098
986 1040
905 976
922 982
1060 962
1062 974
1035 901
950 1070
1024 908
929 924
931 1014
1011 1088
1029 1098
950 985
1091 993
943 1008
901 918
946 981
1064 906
920 920
994 976
929 1034
956 1081
1041 979
1003 1080
946 1071
1059 987
937 1058
1095 940
986 987
1095 1086
1056 1029
911 1096
1054 902
922 1027
903 1026
912 969
950 1084
964 968
949 1092
1015 1019
1058 947
905 974
967 1095
934 1052
1038 1053
982 1082
1030 946
900 945
1072 985
1063 923
992 1027
1012 1076
1096 994
986 1076
947 945
945 901
928 906
1053 902
1055 947
900 1088
1070 945
992 982
980 1000
1037 992
967 952
1080 953
1081 1011
906 992
920 1077
1075 944
1098 967
925 920
922 1078
925 1079
1067 1029
1075 925
959 989
1089 919
1011 1039
1044 979
1032 1031
942 1024
916 1013
942 900
945 1088
955 917
937 1095
1073 981
912 912
1041 1050
1027 1031
920 968
987 1086
978 1061
1092 1051
934 922
998 1024
1089 976
929 966
954 932
949 926
921 1009
1042 939
903 1046
996 1006
937 996
1065 1075
1013 909
1071 904
1007 1091
1065 1063
940 1041
1070 915
981 1081
913 1099
925 1035
1097 915
906 946
1044 1039
946 909
1005 1092
1067 935
945 922
927 980
924 1068
983 986
928 1041
1057 975
957 1098
1097 938
1026 970
937 1074
1072 1023
962 943
952 1016
960 960
948 1010
984 927
959 945
913 1011
1050 935
1077 948
1024 1078
1028 986
976 1033
1055 977
951 902
1025 1093
936 923
991 1040
900 941
1003 1051
1030 900
945 1087
951 1041
1077 910
911 901
1031 1006
1092 1035
920 959
988 968
971 1075
1068 1039
1014 1048
988 1057
1050 1057
960 941
941 905
1092 1042
983 987
949 1095
1048 912
970 960
1047 979
990 914
983 1067
1043 1030
969 1006
906 963
920 1035
992 995
1036 1022
1027 1004
946 1077
916 972
967 982
994 966
978 1068
1099 1065
1079 926
1093 990
920 914
972 988
