5000000 1000
60018 59988
70000 69993
79984 79960
59994 60006
35007 35014
89955 90036
9 9
89973 90027
7497 7503
8 8
60018 60024
9 9
29988 29985
60006 60012
59982 59994
8330 8335
20002 20000
79984 80024
60018 59982
40016 40012
79992 79976
69986 70021
5997 6000
35007 35000
40012 40000
70014 69965
1 1
9996 10001
69979 69965
70021 69986
35007 35000
19992 19996
20000 19992
16670 16665
9996 9998
90009 90000
59982 60024
49975 49980
60006 59970
5002 4999
49985 50020
2499 2500
20000 20008
4 4
79968 80008
29994 29985
69986 70007
50000 50015
50010 50000
9999 9995
30009 29991
80000 79976
14997 15003
9999 9995
10002 9998
89982 89973
6666 6668
10002 10004
80008 80000
1 1
60024 60018
15006 15003
2 2
70028 69965
79992 80008
69986 70021
9999 10004
60018 59988
89991 89982
70000 70021
79960 79984
90036 90027
19990 20004
12505 12500
3 3
79984 79976
2858 2856
19996 19990
79984 79976
59982 60024
19990 20004
33340 33330
60006 60012
30009 29991
39992 40000
69979 70000
59970 59976
69993 69965
19992 20000
26672 26664
20002 19990
10001 9999
24990 25010
6 6
34993 35014
90009 89991
20006 20000
89955 90018
59988 59970
30012 30003
50005 49985
29994 30003
5000 5001
60024 60006
79984 80008
29985 29988
15003 15006
10001 9995
59970 59994
3334 3333
30000 29994
69965 69993
20006 19994
4998 4999
9998 9997
4998 5002
90000 89973
79992 80008
69965 70028
29994 29988
19992 19994
89955 90036
7 7
34993 34986
7145 7140
60006 60018
50000 50010
29994 30009
9997 10001
19994 19998
22500 22509
39984 39988
19996 20000
10004 10000
10002 9999
60018 59970
90009 89955
50020 49975
19996 19998
9997 9996
20000 19990
10 10
10002 10000
19994 19990
2499 2500
3 3
10001 10002
89955 89964
3333 3332
6 6
19992 19996
80000 79976
29997 30009
20008 20002
49975 49995
80008 79976
10004 10001
15003 14994
50005 49995
80008 79992
7140 7145
40000 40008
29985 29991
35014 35007
40016 39988
9996 9999
1 1
70000 69993
14997 15003
19990 19992
15006 14994
50010 50015
19996 20000
11432 11424
90036 90009
60006 59982
80008 79984
9995 10001
11669 11662
4 4
20000 20004
69986 69979
79976 80024
50005 50010
2500 2501
70021 70007
79960 80024
10001 10000
59988 60006
10002 10000
79976 80000
10002 10003
90027 90036
30006 30003
89973 89982
39996 40012
49985 50010
19990 19998
50010 50020
79984 79992
7145 7140
79976 79960
40016 40012
80024 80000
16665 16670
19990 20006
59982 60024
30012 29991
7140 7145
20006 19996
8 8
19992 20000
79976 79992
69972 69965
49990 49995
99990 99980
3 3
10000 10002
5001 4999
10 10
29985 29997
99990 99970
50000 49990
30000 30009
9998 10000
9997 10003
13993 14000
9 9
40016 40004
59988 59982
79976 80032
16000 15992
7145 7140
10004 10001
60006 59988
19990 20004
40016 40004
9996 10001
39988 40012
8 8
39996 40016
29997 30003
79992 80032
20008 20002
90009 89991
4 4
9999 10001
29985 29997
5 5
1999 2000
19998 19994
89991 90000
10004 10001
19994 19992
10001 10004
40012 39988
40012 39996
90036 89973
19998 20006
70021 69979
34993 35014
89973 90036
20004 19996
9998 10001
9999 10001
4999 5002
2 2
70007 70028
3 3
69979 69993
6668 6664
35007 35000
10000 10001
29985 29988
80008 79960
44991 44982
59976 60006
9996 10001
20002 20000
1 1
50005 49985
19994 19996
29997 29991
11424 11432
50005 49980
14994 15000
10003 10004
29994 30009
8 8
89964 90009
89964 89973
79976 79992
2 2
19990 20008
90027 89991
8330 8335
30009 30000
49975 49995
35007 34993
10 10
14994 14997
49990 50000
49990 50005
20000 20002
9997 10001
19990 19994
30012 29991
19996 20008
20002 20004
70007 70014
49985 50005
59976 59970
39980 39996
90009 89991
2499 2501
60024 59994
39996 40000
99950 99960
39984 39988
39980 39988
80008 80016
10000 9995
50020 49990
10002 10000
79976 79968
59982 59994
79984 79992
89955 89964
49975 49980
9996 9995
10002 9995
2856 2858
25000 24990
4999 5000
24995 25010
10000 9995
19992 19998
80008 79960
30012 30009
19994 19996
9999 10002
35007 35000
30012 30009
60018 59970
39980 40012
30012 30006
49980 49975
80016 80008
89982 89973
29994 30006
49995 50015
10004 10000
49985 50010
60018 59994
30003 29985
5 5
10002 10003
70014 70007
49975 50010
70007 70014
89973 90000
20000 20002
89955 90036
30000 29997
60024 59994
13328 13332
9997 10004
80024 79960
9996 10002
49985 49980
60006 59970
40016 39992
5 5
7 7
90027 90036
29985 30009
3998 4000
49995 49975
79976 80000
90009 89991
20000 20002
10 10
60024 59982
19990 20008
60012 59970
30012 29985
3334 3332
29991 29988
6000 5997
29991 30003
29985 29994
49990 49995
8 8
89955 89964
11662 11669
7 7
60000 59982
40012 40000
30003 30009
5 5
7497 7500
40004 40012
9 9
4998 4999
4998 5000
3 3
9995 10000
80024 80000
3 3
30009 29991
9 9
6664 6666
19994 20008
5712 5716
59970 60012
99970 99960
79976 80024
69972 69965
40016 39996
1 1
59988 59970
23331 23324
10 10
39984 40004
50020 49975
12000 11994
1 1
79976 80024
50005 49975
6000 5997
29988 30003
29994 29985
29985 29988
59982 59976
79960 80016
22491 22500
3 3
10 10
15003 14997
29994 29991
30000 29991
49985 50010
9 9
79968 80008
59970 60006
15006 14994
39996 39988
89982 90009
29994 30006
60018 59988
15000 15006
19990 20002
49975 49995
30006 29994
9999 10000
20000 20002
59982 60006
20002 19998
69993 70021
15992 16000
49985 50010
9 9
19996 19994
5000 4998
80024 79976
9998 9995
70021 70000
70000 70007
30000 29997
9997 9996
3332 3334
90036 89991
45000 45009
9 9
40000 39988
12500 12505
12505 12500
10002 9998
20008 19998
29991 29997
25000 25005
1 1
99980 99990
34993 35000
19998 19994
12495 12505
40016 39992
79968 80008
10000 10004
40004 40000
90009 89982
11994 12000
80016 80008
30006 29994
60006 60024
10004 9996
50015 49990
10 10
4 4
59970 59994
89955 89964
24995 24990
39996 40000
40008 39988
89991 90000
80032 79960
80024 80032
10 10
33340 33330
69979 69986
20000 19996
60006 59988
11669 11662
25010 25005
4998 5002
8 8
6664 6666
3333 3334
19992 19998
12505 12500
70028 69965
40008 39980
5002 5000
4 4
9996 9997
89973 90018
22500 22491
49985 49995
29997 29988
39984 40004
99980 99970
90036 89991
80032 79992
39992 39980
3998 4000
8574 8568
3 3
14994 15003
69979 69986
4 4
14000 13993
20000 19994
22491 22509
30006 30003
89964 89955
19994 19998
2500 2499
99950 99990
15003 15000
80008 80016
59970 59994
12852 12861
29991 29997
80000 80008
20004 19996
29991 29997
29994 30012
10002 10000
80032 80008
59988 59970
50015 50010
70007 69986
39980 40012
30012 30009
80016 80024
99990 99950
5 5
40000 39992
90000 89973
80008 80032
25005 25010
20008 20002
70007 70021
89973 89964
99950 99970
80024 80008
10001 10004
10001 10002
5002 4998
80000 80024
70028 69965
10004 10002
59970 59988
50005 50015
14997 15000
30009 29997
59976 60006
99970 100000
90027 89973
1 1
79960 80008
40016 40004
49990 50015
8 8
7503 7497
5712 5716
39980 40016
3333 3332
40000 39988
9996 9995
10003 9996
59994 60024
90027 90009
50010 50015
9995 10000
90009 89955
79968 80008
60018 59994
5 5
39980 40012
5000 4998
70021 70028
89991 90000
79992 80000
10002 9997
1667 1666
19996 20004
2500 2499
30000 29994
9996 10003
5 5
60018 59970
34993 34986
5 5
9997 10004
89955 90027
90009 89991
4 4
70021 69979
40004 39988
10004 10002
2 2
20006 20008
9995 10004
13993 14000
40008 39980
50005 49980
3332 3334
69979 70000
30003 29997
99980 99970
4 4
3 3
14994 14997
7 7
39980 40004
30006 29985
20006 20004
4284 4287
15003 14994
3 3
79968 79976
40008 39992
20008 19992
1999 2000
60006 59994
20008 20000
39992 40004
5 5
9996 10001
35007 34993
79992 80000
20000 19994
89973 90009
79976 79968
10002 10003
20006 19990
3998 4000
5000 5002
70007 69986
39980 40008
5997 6000
90000 89991
59976 60006
19994 20008
29988 30003
10 10
3 3
49985 49990
29997 29988
59976 59982
39988 39996
30012 30006
49990 50005
59988 59982
7497 7500
5002 4998
89973 90000
70021 69993
39992 39988
6 6
10004 9996
34993 34986
59988 60006
30003 30006
70014 70021
9 9
23331 23324
14994 15003
26672 26664
7503 7497
19994 19992
10 10
10001 9997
89955 90036
3 3
5 5
80024 79960
20004 19998
10003 9999
9996 10002
29997 30000
70028 70021
30003 29985
45009 45000
20002 20008
80008 79960
99950 99980
30006 30009
6 6
50020 49995
19990 19996
10003 9995
50010 50015
40004 39984
80000 79976
5 5
10 10
11432 11424
10004 10002
19990 20006
10004 9997
29988 30003
49985 50015
90009 89973
29994 30012
1999 2000
59994 59970
30006 29991
40012 39992
19996 20000
35007 35014
79984 79976
16660 16665
15006 14997
69979 70028
60006 60000
70014 69965
50005 49990
59994 59982
80008 80032
10 10
19992 19994
10004 10001
90027 90018
80016 79960
30009 29991
59994 60024
10001 9999
15000 14994
40000 39992
60006 59982
19996 19994
6 6
9998 9997
3 3
9996 10000
50005 49995
40016 40008
89955 90018
30003 30012
22509 22500
26656 26664
70007 70021
9995 9998
17507 17500
40004 40008
1999 2000
30003 29994
69965 70021
20000 19992
20000 19996
10003 10000
99980 99950
29991 30012
79960 79992
40004 39984
12852 12861
40000 40008
39980 39996
30006 29985
49985 50000
60000 59982
5 5
25000 24990
40004 39984
99990 99950
39992 39996
19998 20008
49985 50010
9996 10002
29997 29994
39988 39984
80000 80008
10003 9996
70007 69986
10 10
20004 19990
80008 79984
9996 10004
25010 25000
19990 20002
59970 60012
80016 79976
30003 30012
49985 49975
29997 30003
49990 49975
89973 89964
79968 79960
19998 20008
2500 2501
89982 89991
5 5
6668 6666
19994 20002
69965 69986
10000 9997
3 3
10001 10003
8568 8574
69965 70007
59994 59988
50015 50005
30003 29988
70021 69965
9995 9999
9996 10000
90027 90000
10002 10003
8 8
26664 26656
19998 20008
49990 50005
7 7
60006 60000
89955 90009
4999 5001
10 10
45000 45009
79976 79992
9995 9999
89955 89982
79960 80024
79960 80016
10003 9995
10003 9998
6 6
9999 10002
4284 4287
80032 80024
10001 9996
90009 90036
3 3
49990 49995
3 3
9995 10004
79976 79960
59988 59994
89955 89982
19992 20008
12500 12495
79992 80032
9999 9995
90027 90009
6 6
60006 60000
69965 69979
60006 59976
49985 50020
60012 59970
25010 25005
39984 39992
60024 59994
3334 3332
5 5
79976 80016
19992 20002
2 2
10002 10001
59994 60018
18000 17991
9998 10003
19998 19992
5002 5001
69986 70021
80032 79976
10002 9995
40000 40004
20004 19998
10004 10002
29997 29991
20002 20004
9995 9998
14997 15006
1 1
7 7
99960 99970
90000 90009
19998 20002
24995 25005
59994 59982
9 9
39996 40012
10004 9996
10 10
9997 10000
20000 19996
9995 9996
3333 3332
1 1
89955 89991
30003 30000
69965 69979
4999 5000
50020 50010
60024 59982
29985 29994
49975 49980
10000 9999
39988 39992
79976 79992
5 5
50020 49985
6664 6666
50005 49990
30009 30003
20008 20002
49985 50020
30012 30006
79992 80024
5001 5000
6664 6668
5002 4999
19992 19998
40012 39992
60012 59982
89973 90036
19998 20000
89982 89955
44982 44991
2501 2499
69979 70021
5002 5000
29997 29991
10000 9998
75015 75030
17 17
19992 20008
17 17
9 9
89964 89955
70007 70014
99970 99990
21658 21671
80008 80000
70028 70021
69986 70021
7996 8000
70014 70000
50015 50000
5 5
29988 30003
55011 55000
44982 44991
25000 24990
26672 26664
19992 19996
59970 59976
10004 9998
49985 50020
22491 22500
22500 22509
13 13
79984 79960
80016 80000
99990 99950
40012 39988
59988 60012
29997 29985
25005 24995
99980 99970
33330 33340
55011 55022
7 7
60024 60012
3 3
80032 79960
49995 50020
60018 59988
